2025-11-07,18:21:46,17,31,36,17,30,36,2694,836,184,31,6,4
2025-11-07,18:21:51,18,31,36,18,30,36,2706,846,179,31,6,4
2025-11-07,18:22:04,21,25,25,20,25,25,2961,904,124,2,0,0
2025-11-07,18:22:10,21,24,27,20,24,27,2958,905,120,4,4,0
2025-11-07,18:25:34,21,36,37,20,33,37,3135,980,190,29,2,2
2025-11-07,19:26:17,20,28,31,20,28,31,2754,835,157,8,4,2
2025-11-07,21:11:39,19,25,25,19,25,25,2721,826,120,6,0,0
2025-11-07,22:11:51,17,23,27,17,23,27,2385,751,124,10,6,0
2025-11-07,22:26:52,16,18,19,16,18,19,2238,671,73,2,2,0
2025-11-07,22:41:53,15,17,19,15,17,19,2193,657,81,2,2,0
2025-11-07,22:56:54,13,15,15,13,15,15,1812,559,67,0,0,0
2025-11-07,23:42:01,15,18,18,15,18,18,2133,665,72,0,0,0
2025-11-08,00:12:06,11,13,15,11,13,15,1680,514,49,2,2,0
2025-11-08,00:27:07,13,18,19,13,18,19,1920,601,86,2,2,0
2025-11-08,00:57:11,11,15,16,11,15,16,1851,576,90,2,0,0
2025-11-08,01:27:15,10,13,13,10,13,13,1590,494,68,0,0,0
2025-11-08,02:12:22,11,13,13,11,13,13,1617,505,61,0,0,0
2025-11-08,03:57:43,6,7,7,6,7,7,1119,340,50,0,0,0
2025-11-08,05:12:57,8,9,9,8,9,9,1230,390,29,0,0,0
2025-11-08,08:44:46,6,15,16,6,15,16,1179,375,77,26,2,0
2025-11-08,10:00:00,10,12,12,10,12,12,1548,467,43,2,0,0
2025-11-08,10:45:07,7,8,8,7,8,8,1236,385,15,0,0,0
2025-11-08,12:00:21,7,9,9,7,9,9,1119,349,33,0,0,0
2025-11-08,12:45:28,12,13,15,12,13,15,1632,500,45,2,2,2
2025-11-08,13:15:33,8,10,12,8,10,12,1308,400,59,2,2,2
2025-11-08,13:45:37,10,12,12,10,12,12,1392,435,51,2,0,0
2025-11-08,14:45:47,11,13,13,11,13,13,1620,489,84,2,0,0
2025-11-08,15:15:52,10,13,13,10,13,13,1380,433,72,0,0,0
2025-11-08,16:16:03,10,10,10,10,10,10,1407,429,38,0,0,0
2025-11-08,16:46:07,12,16,17,12,16,17,1695,525,81,4,2,0
2025-11-08,17:01:08,10,12,13,10,12,13,1533,473,65,2,2,0
2025-11-08,17:31:13,11,15,15,11,15,15,1653,509,82,0,0,0
2025-11-08,17:46:14,14,18,19,14,18,19,1860,578,102,2,0,0
2025-11-08,18:01:16,14,18,18,14,18,18,1989,617,94,0,0,0
2025-11-08,18:16:18,14,17,19,14,17,19,1887,579,92,2,2,2
2025-11-08,18:46:22,15,20,20,15,20,20,2121,664,106,0,0,0
2025-11-08,19:16:26,15,19,19,15,19,19,2124,652,99,2,0,0
2025-11-08,20:01:34,19,28,30,19,28,30,2589,806,176,8,2,2
2025-11-08,20:31:38,22,32,35,21,31,35,3105,962,187,10,4,0
2025-11-08,20:46:39,21,29,33,20,29,33,3081,940,177,8,6,2
2025-11-08,21:46:51,21,35,38,20,33,38,2901,917,231,21,2,0
2025-11-08,23:02:07,238,391,478,158,260,318,33900,10712,2825,387,134,76
2025-11-09,00:02:18,56,91,98,36,60,71,7785,2413,562,53,8,0
2025-11-09,00:32:22,39,56,60,30,44,54,5178,1607,347,26,6,0
2025-11-09,03:17:57,26,41,43,23,36,43,3759,1151,215,26,2,2
2025-11-09,03:48:02,22,29,29,21,29,29,3198,978,182,0,0,0
2025-11-09,04:18:06,21,29,31,20,29,31,3042,943,165,6,2,2
2025-11-09,04:48:11,19,26,29,19,26,29,2643,812,147,12,4,0
2025-11-09,05:03:12,19,25,25,19,25,25,2679,802,122,6,0,0
2025-11-09,06:33:31,13,17,17,13,17,17,2013,620,91,2,0,0
2025-11-09,06:48:32,17,22,22,17,22,22,2340,720,114,2,0,0
2025-11-09,07:18:36,12,15,17,12,15,17,1638,513,96,4,2,0
2025-11-09,07:48:41,16,18,18,16,18,18,2145,666,76,0,0,0
2025-11-09,08:33:50,15,18,21,15,18,21,2016,625,82,8,4,0
2025-11-09,09:18:58,13,17,17,13,17,17,1992,604,74,0,0,0
2025-11-09,10:04:06,14,16,18,14,16,18,1893,569,74,4,2,0
2025-11-09,10:34:10,10,11,15,10,11,15,1605,491,58,4,4,4
2025-11-09,11:04:15,12,14,14,12,14,14,1848,531,57,0,0,0
2025-11-09,11:34:19,11,12,13,11,12,13,1572,488,38,2,2,0
2025-11-09,12:19:27,13,14,14,13,14,14,1719,526,69,0,0,0
2025-11-09,13:19:38,8,10,10,8,10,10,1296,395,71,0,0,0
2025-11-09,14:19:48,8,10,11,8,10,11,1302,391,46,2,0,0
2025-11-09,15:04:56,7,8,11,7,8,11,1224,364,34,4,4,2
2025-11-09,15:50:04,7,8,8,7,8,8,1239,382,37,0,0,0
2025-11-09,16:35:12,7,9,12,7,9,12,1209,367,54,4,4,0
2025-11-09,17:20:20,14,21,25,14,21,25,2247,704,104,12,6,2
2025-11-09,17:50:24,18,22,22,18,22,22,2523,777,99,2,0,0
2025-11-09,18:20:29,17,22,25,17,22,25,2481,757,122,4,4,2
2025-11-09,18:50:33,40,63,68,30,46,58,5643,1755,385,38,6,2
2025-11-09,19:05:34,32,49,54,27,41,50,4548,1395,325,12,4,4
2025-11-09,19:20:35,24,30,35,22,29,35,3285,1009,172,8,6,2
2025-11-09,20:05:42,20,32,39,20,31,39,2922,898,191,20,6,6
2025-11-09,20:20:43,18,25,26,18,25,26,2424,766,133,9,2,0
2025-11-09,20:35:44,17,22,26,17,22,26,2448,752,117,6,4,4
2025-11-09,21:05:49,14,20,20,14,20,20,2103,650,108,8,0,0
2025-11-09,21:35:55,12,15,17,12,15,17,1788,540,74,2,2,2
2025-11-09,22:05:59,15,20,20,15,20,20,2127,645,113,2,0,0
2025-11-09,22:21:00,14,18,19,14,18,19,1944,627,103,2,2,0
2025-11-09,22:36:02,12,17,18,12,17,18,1824,553,104,2,2,0
2025-11-09,22:51:02,14,17,20,14,17,20,2028,605,101,4,2,2
2025-11-09,23:21:06,13,16,17,13,16,17,1941,592,65,2,2,0
2025-11-09,23:51:11,11,13,13,11,13,13,1488,463,55,0,0,0
2025-11-10,00:21:15,13,14,14,13,14,14,1749,541,53,0,0,0
2025-11-10,01:21:28,450,799,892,299,532,594,4364,22412,7330,711,166,61
2025-11-10,01:36:30,391,676,753,260,450,501,60375,19287,5690,595,131,42
2025-11-10,01:51:30,334,529,572,222,352,381,48351,15327,4004,355,74,42
2025-11-10,02:21:35,203,304,331,135,202,220,28230,8832,1987,166,41,11
2025-11-10,03:06:43,89,132,147,58,87,97,12201,3782,790,54,20,10
2025-11-10,03:36:49,47,70,73,32,49,61,6585,2025,403,22,4,2
2025-11-10,04:52:03,13,18,19,13,18,19,1794,574,108,8,2,0
2025-11-10,05:07:05,13,17,17,13,17,17,1929,576,94,0,0,0
2025-11-10,05:37:09,11,14,14,11,14,14,1608,473,78,0,0,0
2025-11-10,06:07:14,5,8,8,5,8,8,1056,326,48,0,0,0
2025-11-10,06:52:21,6,7,7,6,7,7,954,297,26,0,0,0
2025-11-10,11:23:23,5,5,5,5,5,5,747,227,29,0,0,0
2025-11-10,11:38:25,2,2,2,2,2,2,687,206,12,0,0,0
2025-11-10,12:09:49,5,9,9,5,9,9,849,274,57,0,0,0
2025-11-10,13:25:03,5,6,6,5,6,6,1074,321,21,0,0,0
2025-11-10,14:25:14,7,9,9,7,9,9,1071,334,46,2,0,0
2025-11-10,15:10:22,7,10,10,7,10,10,1164,362,50,0,0,0
2025-11-10,15:55:29,9,11,12,9,11,12,1245,389,54,2,2,0
2025-11-10,16:25:33,12,16,16,12,16,16,1779,545,87,4,0,0
2025-11-10,16:55:38,12,16,17,12,16,17,1686,522,108,2,2,0
2025-11-10,17:25:41,19,27,32,19,27,32,2595,815,124,21,6,2
2025-11-10,17:55:47,14,20,20,14,20,20,2025,639,113,0,0,0
2025-11-10,18:25:52,15,22,26,15,22,26,2106,664,113,17,6,2
2025-11-10,18:55:56,26,35,36,23,33,36,3684,1117,176,4,2,0
2025-11-10,19:26:01,25,35,35,23,33,35,3318,1031,160,6,0,0
2025-11-10,19:56:06,22,29,33,21,29,33,2970,924,138,10,4,4
2025-11-10,20:41:13,28,37,41,24,34,41,3675,1145,209,12,6,0
2025-11-10,20:56:14,28,39,40,24,35,40,3747,1143,215,10,2,0
2025-11-10,21:26:18,25,35,38,23,33,38,3321,1049,199,10,4,0
2025-11-10,21:56:23,23,35,37,22,33,37,3207,979,204,17,4,0
2025-11-10,22:26:27,21,26,31,20,26,31,2835,883,174,6,6,4
2025-11-10,22:56:32,21,26,29,20,26,29,2844,892,141,4,4,2
2025-11-10,23:41:39,22,30,31,21,30,31,3123,939,186,2,2,0
2025-11-10,23:56:41,25,32,35,23,31,35,3342,1046,150,4,4,2
2025-11-11,00:26:46,20,27,34,20,27,34,2946,901,142,12,8,4
2025-11-11,00:41:46,23,33,33,21,31,33,3246,1004,190,4,0,0
2025-11-11,01:41:57,264,412,472,175,274,314,38187,12005,3046,312,87,56
2025-11-11,01:56:58,217,348,396,144,231,263,30723,9598,2339,267,72,35
2025-11-11,02:11:59,169,264,309,112,175,205,23676,7425,1829,157,61,38
2025-11-11,02:26:59,124,204,225,82,135,149,17286,5365,1309,138,28,10
2025-11-11,03:12:07,57,95,102,37,63,73,7848,2470,616,45,10,2
2025-11-11,03:57:15,34,51,55,28,42,51,4671,1435,274,25,6,2
2025-11-11,04:27:19,28,46,48,24,39,47,3939,1239,277,26,4,0
2025-11-11,04:42:20,28,37,41,24,34,41,3669,1136,213,10,4,2
2025-11-11,05:27:27,25,33,40,23,32,40,3417,1044,164,17,8,4
2025-11-11,05:42:27,24,31,35,22,30,35,3276,1015,185,6,4,4
2025-11-11,05:57:28,23,32,34,22,31,34,3234,991,174,6,4,0
2025-11-11,06:27:32,20,27,31,19,27,31,2916,877,159,8,6,2
2025-11-11,06:42:33,22,31,35,21,30,35,3006,924,180,14,4,2
2025-11-11,06:57:34,20,25,30,20,25,30,2667,829,121,10,6,2
2025-11-11,07:12:34,22,35,40,21,33,40,3177,989,216,19,6,4
2025-11-11,07:42:38,20,26,27,20,26,27,2751,855,158,2,2,0
2025-11-11,08:12:42,22,31,32,21,30,32,3078,970,170,6,2,0
2025-11-11,08:42:47,24,29,29,22,29,29,3249,981,156,0,0,0
2025-11-11,09:12:52,23,31,31,22,30,31,3078,967,153,8,0,0
2025-11-11,09:42:55,20,27,30,20,27,30,2847,878,142,6,4,0
2025-11-11,10:12:59,17,24,28,17,24,28,2619,779,134,10,4,2
2025-11-11,10:28:00,12,15,16,12,15,16,1845,575,76,2,2,0
2025-11-11,10:43:01,13,20,24,13,20,24,1893,596,135,12,4,2
2025-11-11,10:58:01,14,18,20,14,18,20,2085,638,108,4,2,0
2025-11-11,11:28:06,9,11,13,9,11,13,1353,427,46,2,2,2
2025-11-11,11:58:10,11,14,15,11,14,15,1629,503,63,4,2,0
2025-11-11,12:58:21,6,8,9,6,8,9,942,302,38,2,2,2
2025-11-11,14:43:44,6,7,8,6,7,8,927,285,28,2,2,0
2025-11-11,17:44:22,0,1,1,0,1,1,435,118,4,0,0,0
2025-11-11,17:59:24,2,2,2,2,2,2,423,125,8,0,0,0
2025-11-11,19:29:42,6,7,7,6,7,7,954,288,39,0,0,0
2025-11-11,21:15:05,12,19,19,12,19,19,2028,616,115,4,0,0
2025-11-11,21:45:08,519,1719,2053,345,1145,1368,41369,35376,23396,4397,1012,425
2025-11-11,22:15:12,534,1277,1509,355,851,1005,26507,30163,15282,2110,561,207
2025-11-11,22:45:17,446,859,1004,297,572,669,5144,22731,8418,994,280,88
2025-11-11,23:45:27,172,283,317,114,188,210,23412,7346,1934,216,50,19
2025-11-12,01:00:44,38,55,64,29,44,56,5208,1591,321,27,10,8
2025-11-12,01:45:52,23,32,34,22,31,34,3216,972,188,4,2,2
2025-11-12,02:15:56,15,18,21,15,18,21,2274,686,88,4,4,0
2025-11-12,02:46:00,16,24,26,16,24,26,2295,709,135,12,2,0
2025-11-12,03:16:04,16,21,22,16,21,22,2226,683,98,6,2,0
2025-11-12,04:01:12,15,19,22,15,19,22,2061,641,96,6,4,0
2025-11-12,04:46:19,12,18,19,12,18,19,1833,559,110,4,2,0
2025-11-12,05:01:20,14,22,22,14,22,22,2106,651,121,6,0,0
2025-11-12,05:16:21,11,13,13,11,13,13,1674,513,52,0,0,0
2025-11-12,05:46:26,13,15,15,13,15,15,1731,549,70,2,0,0
2025-11-12,06:01:26,13,15,15,13,15,15,1959,584,83,0,0,0
2025-11-12,06:31:30,13,16,17,13,16,17,1764,549,83,2,2,0
2025-11-12,06:46:30,11,13,13,11,13,13,1572,494,39,0,0,0
2025-11-12,07:01:31,14,18,18,14,18,18,1986,610,96,0,0,0
2025-11-12,08:16:46,15,19,20,15,19,20,2085,632,93,6,0,0
2025-11-12,08:46:51,12,16,17,12,16,17,1896,557,85,2,2,0
2025-11-12,09:31:59,17,27,30,17,27,30,2490,781,149,19,4,0
2025-11-12,10:47:13,10,14,16,10,14,16,1704,529,92,2,2,2
2025-11-12,11:02:14,12,14,15,12,14,15,1842,559,48,4,2,0
2025-11-12,11:32:18,12,14,15,12,14,15,1635,506,74,2,0,0
2025-11-12,11:47:20,13,15,15,13,15,15,1746,542,56,0,0,0
2025-11-12,12:02:21,12,15,17,12,15,17,1704,529,67,2,2,2
2025-11-12,12:32:26,14,19,19,14,19,19,2094,647,104,6,0,0
2025-11-12,12:47:26,13,16,18,13,16,18,1884,575,90,2,2,2
2025-11-12,13:02:26,12,16,17,12,16,17,1866,577,99,2,0,0
2025-11-12,13:17:27,15,18,18,15,18,18,2133,651,86,0,0,0
2025-11-12,14:17:40,20,27,29,19,27,29,2784,880,121,10,2,2
2025-11-12,14:47:45,16,21,23,16,21,23,2415,737,107,2,2,0
2025-11-12,15:02:45,13,20,24,13,20,24,1968,598,112,12,6,0
2025-11-12,15:17:46,13,17,20,13,17,20,1860,576,86,4,4,4
2025-11-12,15:32:47,12,18,20,12,18,20,1821,560,95,6,2,2
2025-11-12,15:47:48,12,15,18,12,15,18,1749,535,53,6,4,2
2025-11-12,16:02:49,11,12,17,11,12,17,1476,461,76,6,6,2
2025-11-12,16:32:53,10,11,14,10,11,14,1401,430,38,4,4,2
2025-11-12,17:02:57,11,14,16,11,14,16,1659,494,62,4,2,2
2025-11-12,18:33:15,20,29,45,20,29,45,2919,904,185,26,21,10
2025-11-12,18:48:16,24,37,62,22,34,55,3627,1106,257,40,32,12
2025-11-12,19:03:17,28,41,52,24,36,49,3801,1206,229,34,15,4
2025-11-12,19:18:18,26,36,43,23,33,43,3639,1138,216,14,6,4
2025-11-12,19:33:19,27,44,49,24,38,47,3843,1190,267,28,6,2
2025-11-12,19:48:19,26,36,48,23,33,47,3729,1143,219,19,15,6
2025-11-12,20:48:31,24,34,35,22,32,35,3450,1045,172,12,0,0
2025-11-12,21:18:36,22,31,35,21,30,35,3225,989,177,10,4,4
2025-11-12,21:33:37,24,30,32,22,30,32,3243,983,151,6,2,0
2025-11-12,21:48:37,23,32,34,22,31,34,3270,1011,180,6,4,0
2025-11-12,22:03:38,23,29,29,22,29,29,3204,967,138,0,0,0
2025-11-12,22:18:38,24,37,40,22,34,40,3492,1075,210,16,4,0
2025-11-12,23:03:47,22,37,39,21,34,39,3273,1020,236,15,4,0
2025-11-12,23:18:47,24,31,34,22,30,34,3117,955,190,11,4,0
2025-11-13,00:03:55,24,32,32,22,31,32,3444,1056,154,8,0,0
2025-11-13,00:18:56,29,36,37,25,33,37,3732,1155,198,6,2,0
2025-11-13,01:19:09,30,46,47,26,39,46,4275,1317,263,14,0,0
2025-11-13,02:49:27,435,757,910,289,504,606,1553,21514,6798,804,283,117
2025-11-13,03:19:32,148,237,279,98,157,185,20772,6469,1570,183,61,28
2025-11-13,03:34:34,102,150,173,67,99,115,13989,4351,921,62,30,19
2025-11-13,04:34:45,47,68,83,32,48,66,6510,1998,375,44,19,12
2025-11-13,04:49:46,42,58,76,31,45,63,5331,1658,311,38,20,16
2025-11-13,05:19:50,39,52,55,30,42,51,5127,1583,275,16,4,2
2025-11-13,06:20:02,22,28,33,21,28,33,3024,928,141,12,8,0
2025-11-13,06:35:03,21,30,33,20,30,33,3138,948,158,8,4,2
2025-11-13,07:05:07,17,21,27,17,21,27,2574,787,108,10,8,2
2025-11-13,07:50:14,24,38,40,22,35,40,3420,1079,212,19,2,2
2025-11-13,08:05:14,22,29,30,21,29,30,3000,936,166,6,2,2
2025-11-13,08:50:22,20,31,32,19,30,32,3069,948,172,8,2,0
2025-11-13,09:05:22,22,32,34,21,31,34,3084,953,155,12,2,0
2025-11-13,09:50:30,16,24,24,16,24,24,2394,734,109,10,0,0
2025-11-13,10:05:31,17,26,26,17,26,26,2442,758,117,14,0,0
2025-11-13,10:20:33,16,21,21,16,21,21,2241,702,92,2,0,0
2025-11-13,10:50:38,13,15,16,13,15,16,1791,549,53,2,2,0
2025-11-13,11:05:39,13,17,18,13,17,18,1830,560,107,4,2,0
2025-11-13,11:35:43,12,14,16,12,14,16,1692,505,69,2,2,2
2025-11-13,12:05:47,10,13,13,10,13,13,1467,449,45,6,0,0
2025-11-13,12:50:54,8,10,10,8,10,10,1260,376,48,0,0,0
2025-11-13,14:21:13,6,6,7,6,6,7,882,265,25,2,2,0
2025-11-13,16:36:43,7,9,10,7,9,10,1113,338,40,2,2,0
2025-11-13,17:36:54,10,11,11,10,11,11,1395,432,47,0,0,0
2025-11-13,18:06:58,8,11,11,8,11,11,1245,370,65,2,0,0
2025-11-13,18:21:59,10,13,13,10,13,13,1740,536,62,0,0,0
2025-11-13,20:07:21,19,27,28,19,27,28,2901,874,139,4,2,2
2025-11-13,21:07:33,23,32,32,22,31,32,3171,987,147,8,0,0
2025-11-13,21:37:38,19,26,29,19,26,29,2829,862,132,6,4,0
2025-11-13,22:07:43,21,29,31,20,29,31,3030,936,164,6,2,0
2025-11-13,22:22:44,24,30,33,22,30,33,3186,964,146,10,4,2
2025-11-13,22:52:49,23,31,31,22,30,31,3168,970,137,4,0,0
2025-11-13,23:22:54,22,34,37,21,32,37,3339,1026,217,14,4,2
2025-11-13,23:37:55,24,28,29,22,28,29,3354,1009,128,2,2,0
2025-11-13,23:52:56,24,32,34,22,31,34,3252,1003,173,8,2,2
2025-11-14,00:07:56,27,38,39,23,34,39,3690,1131,189,14,2,0
2025-11-14,00:22:57,27,42,44,24,37,44,3708,1152,216,21,2,0
2025-11-14,00:37:59,25,33,35,23,32,35,3459,1059,164,8,2,2
2025-11-14,00:53:00,26,37,37,23,34,37,3663,1134,177,10,0,0
2025-11-14,01:08:01,28,43,45,24,37,44,4170,1275,234,12,2,2
2025-11-14,01:53:09,29,37,47,25,34,46,3972,1224,198,17,13,2
2025-11-14,02:38:17,23,32,34,22,31,34,3153,974,171,8,2,2
2025-11-14,02:53:19,26,35,37,23,33,37,3612,1104,180,6,2,2
2025-11-14,03:08:20,26,34,40,23,32,40,3624,1099,156,14,8,4
2025-11-14,03:23:20,23,37,38,21,34,38,3477,1084,219,10,0,0
2025-11-14,03:38:22,24,33,36,22,32,36,3351,1041,159,17,2,0
2025-11-14,03:53:22,25,33,35,23,32,35,3414,1050,169,4,2,0
2025-11-14,04:08:23,21,29,31,20,29,31,3210,976,150,6,2,2
2025-11-14,04:38:27,22,26,28,21,26,28,2964,915,127,4,0,0
2025-11-14,05:08:31,23,28,31,22,28,31,3018,934,142,4,4,0
2025-11-14,05:38:36,21,26,28,20,26,28,2883,892,108,6,2,2
2025-11-14,06:53:51,18,26,29,18,26,29,2706,829,111,18,4,2
2025-11-14,07:08:53,17,22,23,17,22,23,2469,773,138,2,2,0
2025-11-14,08:09:04,15,23,24,15,23,24,2277,688,113,14,0,0
2025-11-14,08:24:06,16,22,22,16,22,22,2460,744,103,8,0,0
2025-11-14,09:24:17,21,27,27,20,27,27,3033,910,141,6,0,0
2025-11-14,09:39:18,22,34,39,21,32,39,3342,1013,180,21,6,2
2025-11-14,10:24:25,28,40,44,24,36,44,4008,1198,188,25,4,0
2025-11-14,10:39:26,20,23,25,20,23,25,2721,829,93,2,2,2
2025-11-14,10:54:26,20,23,26,19,23,26,2874,870,116,6,2,0
2025-11-14,12:09:41,18,29,31,18,29,31,2769,860,146,23,2,2
2025-11-14,13:09:53,23,31,35,22,30,35,3201,983,156,10,6,2
2025-11-14,13:24:54,20,26,28,20,26,28,2910,865,132,6,4,0
2025-11-14,15:55:27,18,22,25,18,22,25,2400,744,130,6,4,0
2025-11-14,16:10:28,16,19,20,16,19,20,2331,716,107,2,0,0
2025-11-14,16:55:36,11,14,14,11,14,14,1659,526,74,2,0,0
2025-11-14,17:10:37,12,14,19,12,14,19,1668,508,70,6,6,4
2025-11-14,17:25:39,16,20,23,16,20,23,2280,701,91,4,4,2
2025-11-14,17:40:41,16,23,23,16,23,23,2355,714,124,6,0,0
2025-11-14,17:41:48,14,26,29,14,26,29,2319,726,131,26,4,2
2025-11-14,18:13:39,14,21,21,14,21,21,1974,594,111,9,0,0
2025-11-14,18:28:40,15,18,22,15,18,22,2157,657,62,6,6,2
2025-11-14,19:28:51,21,25,31,20,25,31,2889,868,141,8,6,6
2025-11-14,20:44:06,18,26,30,18,26,30,2451,765,163,10,6,2
2025-11-14,20:59:06,16,20,26,16,20,26,2370,716,107,10,4,2
2025-11-14,21:59:18,16,21,25,16,21,25,2268,707,113,8,4,2
2025-11-14,22:44:24,18,26,26,18,26,26,2649,831,145,10,0,0
2025-11-14,23:44:37,19,30,32,19,30,32,2829,848,174,14,4,0
2025-11-14,23:59:38,23,33,37,22,32,37,3267,1032,188,12,4,0
2025-11-15,00:14:39,24,31,34,22,30,34,3378,1033,170,6,4,2
2025-11-15,00:29:40,25,31,36,23,30,36,3438,1020,175,6,6,4
2025-11-15,02:15:03,57,91,107,37,60,75,7974,2466,521,68,22,6
2025-11-15,02:30:03,399,707,883,265,471,587,62463,19961,6109,922,296,172
2025-11-15,03:00:07,228,391,492,151,260,327,33624,10547,2894,442,151,78
2025-11-15,03:30:12,134,219,303,88,145,201,19476,6021,1519,233,113,81
2025-11-15,03:45:13,100,173,213,66,115,141,14061,4386,1157,154,57,21
2025-11-15,04:15:17,63,113,144,41,75,95,8703,2723,654,146,38,27
2025-11-15,04:45:22,39,64,81,30,47,65,5388,1695,380,53,23,8
2025-11-15,05:00:22,34,55,70,27,43,59,4938,1526,349,42,19,12
2025-11-15,05:15:24,32,50,58,27,41,53,4443,1373,305,29,8,6
2025-11-15,05:30:25,26,41,57,23,36,52,3780,1156,264,40,18,12
2025-11-15,06:15:33,17,22,23,17,22,23,2592,788,106,2,2,0
2025-11-15,06:30:34,17,29,30,17,29,30,2625,810,166,19,0,0
2025-11-15,06:45:34,16,22,23,16,22,23,2232,681,108,7,0,0
2025-11-15,07:00:35,13,17,19,13,17,19,2034,614,88,4,2,0
2025-11-15,07:45:42,14,16,16,14,16,16,1947,604,73,0,0,0
2025-11-15,08:00:44,13,19,20,13,19,20,1908,598,99,7,0,0
2025-11-15,08:15:45,10,13,14,10,13,14,1596,494,53,2,2,0
2025-11-15,09:00:54,10,14,17,10,14,17,1410,443,76,8,4,0
2025-11-15,09:15:54,9,12,17,9,12,17,1470,458,74,8,6,4
2025-11-15,09:45:59,9,11,14,9,11,14,1443,449,43,4,4,2
2025-11-15,10:00:59,8,11,14,8,11,14,1338,406,51,8,2,2
2025-11-15,10:46:06,11,13,18,11,13,18,1566,488,47,6,6,4
2025-11-15,11:31:13,10,13,15,10,13,15,1578,491,51,2,2,2
2025-11-15,12:16:20,8,8,10,8,8,10,1146,347,26,2,2,0
2025-11-15,12:46:25,10,12,18,10,12,18,1374,439,75,8,6,4
2025-11-15,13:01:26,7,8,12,7,8,12,1104,334,37,6,4,2
2025-11-15,13:16:27,7,10,13,7,10,13,1242,375,62,4,4,0
2025-11-15,13:46:32,8,15,19,8,15,19,1371,421,93,16,6,2
2025-11-15,14:01:32,10,14,15,10,14,15,1458,455,72,4,2,2
2025-11-15,14:16:33,8,11,13,8,11,13,1299,399,54,2,2,2
2025-11-15,14:31:33,7,9,13,7,9,13,1128,339,59,6,4,4
2025-11-15,14:46:34,4,5,7,4,5,7,861,259,33,2,2,2
2025-11-15,15:16:38,5,6,8,5,6,8,864,253,39,2,2,0
2025-11-15,16:01:45,2,2,3,2,2,3,450,143,12,2,0,0
2025-11-15,17:47:06,386,626,686,257,417,457,58257,18478,5101,472,110,43
2025-11-15,18:47:18,21,33,33,20,32,33,3063,943,189,13,0,0
2025-11-15,19:32:25,9,11,11,9,11,11,1311,407,67,0,0,0
2025-11-15,19:47:25,11,11,13,11,11,13,1404,448,39,2,2,2
2025-11-15,20:32:33,9,9,11,9,9,11,1323,403,24,2,2,0
2025-11-15,20:47:33,7,8,8,7,8,8,1233,376,43,0,0,0
2025-11-15,21:32:42,14,18,18,14,18,18,1926,615,88,0,0,0
2025-11-15,21:47:42,14,17,19,14,17,19,1929,585,90,2,2,0
2025-11-15,22:17:47,16,19,20,16,19,20,2217,675,91,2,0,0
2025-11-15,22:47:52,16,20,20,16,20,20,2250,671,112,0,0,0
2025-11-15,23:02:53,18,21,21,18,21,21,2445,730,80,2,0,0
2025-11-15,23:17:54,13,21,23,13,21,23,2112,662,109,12,2,2
2025-11-15,23:32:56,16,19,20,16,19,20,2424,718,74,2,2,0
2025-11-16,00:03:00,18,25,26,18,25,26,2565,782,125,12,0,0
2025-11-16,00:33:05,18,27,27,18,27,27,2589,794,123,14,0,0
2025-11-16,01:48:20,15,20,21,15,20,21,2124,647,113,4,2,0
2025-11-16,02:03:20,18,21,23,18,21,23,2490,779,85,2,2,0
2025-11-16,02:33:24,507,1527,1849,337,1017,1232,33725,32677,19563,3508,850,392
2025-11-16,03:03:29,449,894,1010,299,595,673,6026,23075,8810,1107,220,63
2025-11-16,03:18:31,366,672,767,243,447,511,57162,18245,5760,661,175,66
2025-11-16,03:33:31,329,565,649,219,376,432,47874,15212,4657,577,166,58
2025-11-16,04:03:35,235,383,413,156,255,275,33294,10528,2828,232,44,18
2025-11-16,04:48:44,123,202,220,81,134,146,17064,5350,1331,100,27,12
2025-11-16,05:03:45,99,159,174,65,105,115,13518,4217,1027,85,21,6
2025-11-16,05:48:53,55,91,98,36,60,71,7725,2381,554,55,8,8
2025-11-16,06:34:00,33,48,53,27,40,49,4548,1423,278,22,6,4
2025-11-16,06:49:02,28,43,51,24,37,48,3993,1256,272,19,9,9
2025-11-16,07:19:06,21,29,31,20,29,31,3021,945,157,4,2,0
2025-11-16,08:34:20,14,17,19,14,17,19,1839,577,78,8,2,0
2025-11-16,08:49:21,13,16,16,13,16,16,1821,540,78,2,0,0
2025-11-16,09:04:21,14,19,20,14,19,20,2181,662,111,6,0,0
2025-11-16,09:19:22,11,14,16,11,14,16,1617,505,80,2,2,0
2025-11-16,09:34:22,15,19,19,15,19,19,2007,608,88,6,0,0
2025-11-16,09:49:22,13,14,14,13,14,14,1884,578,61,0,0,0
2025-11-16,10:04:23,16,19,21,16,19,21,2265,691,97,2,2,2
2025-11-16,10:19:24,16,25,28,16,25,28,2400,737,146,14,2,2
2025-11-16,10:49:28,12,19,21,12,19,21,2088,625,122,8,0,0
2025-11-16,11:04:29,14,14,14,14,14,14,1998,600,60,0,0,0
2025-11-16,11:19:29,13,15,16,13,15,16,1842,562,58,2,2,0
2025-11-16,11:34:30,13,16,17,13,16,17,1881,584,86,2,2,0
2025-11-16,12:49:45,16,20,22,16,20,22,2256,693,117,4,2,2
2025-11-16,13:04:45,13,15,16,13,15,16,1989,604,70,2,0,0
2025-11-16,13:19:46,14,19,19,14,19,19,2058,620,97,2,0,0
2025-11-16,13:34:47,13,16,17,13,16,17,1866,561,73,4,2,0
2025-11-16,14:19:55,20,38,52,19,34,49,3135,959,230,49,19,6
2025-11-16,14:34:57,15,19,25,15,19,25,2034,639,105,8,8,4
2025-11-16,15:20:04,12,13,13,12,13,13,1578,486,61,0,0,0
2025-11-16,15:50:09,12,15,16,12,15,16,1581,481,73,6,2,0
2025-11-16,16:20:14,7,8,10,7,8,10,1167,358,62,2,2,0
2025-11-16,16:50:18,7,9,9,7,9,9,1152,342,53,0,0,0
2025-11-16,17:50:30,27,38,40,24,35,40,3735,1156,201,8,2,2
2025-11-16,18:05:30,22,29,29,21,29,29,3168,982,136,2,0,0
2025-11-16,18:35:35,20,26,29,20,26,29,2820,855,125,8,2,2
2025-11-16,19:05:39,26,34,38,23,32,38,3729,1143,180,6,4,2
2025-11-16,19:20:40,29,35,37,25,33,37,3810,1164,170,4,2,2
2025-11-16,19:35:40,27,36,39,24,33,39,3927,1193,188,6,4,0
2025-11-16,21:05:58,24,32,34,22,31,34,3291,1017,189,6,2,0
2025-11-16,21:36:02,28,34,37,24,32,37,3597,1121,191,8,2,0
2025-11-16,22:51:17,36,48,52,28,40,49,4803,1463,256,17,4,2
2025-11-16,23:21:21,33,51,55,27,42,51,4575,1426,277,24,4,2
2025-11-17,00:21:33,28,39,45,24,35,45,3957,1205,247,14,8,2
2025-11-17,00:36:34,24,34,35,22,32,35,3141,990,172,19,0,0
2025-11-17,00:51:34,22,30,30,21,30,30,3048,941,163,8,0,0
2025-11-17,01:06:35,21,29,31,20,29,31,2985,932,152,10,2,0
2025-11-17,01:51:43,17,22,25,17,22,25,2598,778,138,4,2,2
2025-11-17,02:36:51,14,17,17,14,17,17,1992,600,68,2,0,0
2025-11-17,03:06:55,13,20,20,13,20,20,2043,651,90,10,0,0
2025-11-17,03:21:56,11,15,15,11,15,15,1635,514,74,2,0,0
2025-11-17,03:36:56,11,13,18,11,13,18,1596,497,68,8,6,2
2025-11-17,03:51:58,9,11,11,9,11,11,1425,436,63,0,0,0
2025-11-17,04:52:09,6,7,7,6,7,7,1056,316,28,0,0,0
2025-11-17,05:52:19,4,5,5,4,5,5,741,234,37,0,0,0
2025-11-17,20:25:47,7,9,10,7,9,10,1164,362,39,4,2,0
2025-11-17,21:10:54,9,11,11,9,11,11,1419,426,59,0,0,0
2025-11-17,22:41:11,15,18,18,15,18,18,2130,644,88,0,0,0
2025-11-17,22:56:13,14,23,28,14,23,28,2151,667,131,13,6,4
2025-11-17,23:11:13,14,20,23,14,20,23,2124,658,114,4,4,2
2025-11-17,23:56:20,17,24,27,17,24,27,2553,760,117,12,4,2
2025-11-18,00:11:20,21,32,37,20,31,37,2979,900,182,15,6,6
2025-11-18,00:26:22,19,25,29,19,25,29,2628,824,147,8,4,2
2025-11-18,01:41:36,17,20,20,17,20,20,2184,665,129,0,0,0
2025-11-18,02:41:46,13,17,18,13,17,18,1959,604,86,2,0,0
2025-11-18,02:56:47,12,16,19,12,16,19,1926,595,93,4,4,2
2025-11-18,03:11:49,13,16,16,13,16,16,2007,612,72,2,0,0
2025-11-18,03:26:50,12,14,14,12,14,14,1716,527,67,0,0,0
2025-11-18,03:41:51,14,17,18,14,17,18,1824,561,86,4,2,0
2025-11-18,04:11:55,450,868,1124,299,577,749,6836,23244,8479,1275,491,277
2025-11-18,04:26:56,261,401,507,174,266,337,38211,11990,2759,380,176,93
2025-11-18,04:57:00,171,255,307,113,169,204,23511,7309,1547,211,77,29
2025-11-18,05:12:00,120,193,226,79,128,150,17085,5333,1195,133,41,30
2025-11-18,05:27:02,89,143,171,58,94,113,12423,3863,885,109,33,17
2025-11-18,07:12:23,15,23,29,15,23,29,2319,714,126,20,8,6
2025-11-18,08:12:33,9,11,11,9,11,11,1332,403,65,0,0,0
2025-11-18,08:42:37,7,7,8,7,7,8,1035,315,34,2,2,0
2025-11-18,08:57:37,5,9,9,5,9,9,1062,324,48,2,0,0
2025-11-18,09:42:45,7,7,7,7,7,7,966,291,26,0,0,0
2025-11-18,10:58:00,4,4,4,4,4,4,741,230,15,0,0,0
2025-11-18,13:28:33,2,3,6,2,3,6,666,216,25,4,4,2
2025-11-18,14:43:48,3,3,3,3,3,3,657,199,21,0,0,0
2025-11-18,17:44:28,7,9,9,7,9,9,1047,324,65,0,0,0
2025-11-18,19:44:55,12,14,15,12,14,15,1647,513,60,4,0,0
2025-11-18,19:59:55,12,15,16,12,15,16,1875,574,89,4,2,0
2025-11-18,21:45:15,23,30,32,22,30,32,3003,923,168,10,2,0
2025-11-18,22:00:16,24,38,38,22,34,38,3462,1075,231,13,0,0
2025-11-18,22:30:21,22,31,31,21,30,31,3084,960,188,6,0,0
2025-11-18,22:45:21,22,28,32,21,28,32,2868,910,155,6,4,2
2025-11-19,00:15:40,15,20,21,15,20,21,2163,667,122,2,0,0
2025-11-19,00:45:45,14,17,19,14,17,19,2139,648,79,2,2,2
2025-11-19,01:00:45,14,18,18,14,18,18,1932,600,84,0,0,0
2025-11-19,01:15:47,11,15,15,11,15,15,1845,565,66,0,0,0
2025-11-19,01:30:48,14,17,18,14,17,18,1956,583,97,4,0,0
2025-11-19,01:45:48,16,21,27,16,21,27,2172,675,113,6,6,6
2025-11-19,03:01:03,14,16,18,14,16,18,1932,569,86,2,2,2
2025-11-19,03:16:04,13,15,16,13,15,16,1719,520,90,2,2,0
2025-11-19,04:01:11,13,16,17,13,16,17,1902,569,84,2,2,0
2025-11-19,04:16:13,15,19,21,15,19,21,2289,700,95,2,2,0
2025-11-19,04:31:14,13,18,19,13,18,19,2055,627,93,4,2,0
2025-11-19,05:16:22,350,562,599,233,374,399,50550,15958,4423,425,69,30
2025-11-19,06:31:38,111,166,179,73,110,119,14760,4640,1009,72,17,11
2025-11-19,07:31:51,39,61,65,29,45,56,5559,1714,371,32,4,2
2025-11-19,07:46:52,32,48,52,27,40,49,4296,1330,270,20,4,2
2025-11-19,08:16:58,23,29,30,22,29,30,3126,947,144,2,2,0
2025-11-19,08:31:59,18,25,29,18,25,29,2670,827,131,8,6,2
2025-11-19,09:02:03,15,19,19,15,19,19,1986,626,105,2,0,0
2025-11-19,09:17:04,15,23,23,15,23,23,2157,665,140,8,0,0
2025-11-19,09:32:05,12,17,23,12,17,23,1887,579,96,8,8,4
2025-11-19,10:02:09,12,14,14,12,14,14,1653,514,67,0,0,0
2025-11-19,10:17:10,10,13,15,10,13,15,1569,483,97,4,4,0
2025-11-19,10:32:10,10,13,17,10,13,17,1593,492,73,6,4,4
2025-11-19,10:47:10,13,15,15,13,15,15,1734,532,86,0,0,0
2025-11-19,11:02:10,11,14,14,11,14,14,1788,553,57,0,0,0
2025-11-19,11:47:18,7,9,10,7,9,10,1224,389,48,2,2,0
2025-11-19,12:47:28,6,7,8,6,7,8,879,279,28,2,2,2
2025-11-19,13:47:39,1,1,3,1,1,3,417,128,4,2,2,2
2025-11-19,17:18:27,7,10,14,7,10,14,1077,346,79,6,6,0
2025-11-19,17:33:28,10,12,14,10,12,14,1407,443,65,2,2,2
2025-11-19,17:48:29,8,12,17,8,12,17,1170,358,81,8,8,0
2025-11-19,18:03:31,5,8,10,5,8,10,1023,314,66,2,2,0
2025-11-19,18:33:35,3,5,5,3,5,5,789,238,39,0,0,0
2025-11-19,19:48:51,125,218,266,83,145,177,17076,5379,1581,210,66,28
2025-11-19,20:18:56,96,153,169,63,101,112,13230,4095,892,107,22,6
2025-11-19,20:49:01,432,993,1352,287,661,901,8288,23927,10701,1930,732,450
2025-11-19,21:04:02,490,969,1191,326,645,793,13550,25611,10072,1423,467,170
2025-11-19,21:19:03,390,721,908,259,480,605,62217,19809,6477,947,330,181
2025-11-19,21:34:05,342,584,693,227,389,462,50778,16127,4899,675,201,104
2025-11-19,22:04:08,211,356,425,140,237,282,30402,9535,2525,349,104,40
2025-11-19,22:34:12,126,202,260,83,134,172,17751,5531,1326,187,75,48
2025-11-19,23:19:20,49,82,95,33,54,70,7077,2189,496,67,14,8
2025-11-19,23:49:25,27,42,47,23,37,46,3846,1196,252,22,6,6
2025-11-20,00:19:30,19,30,34,19,30,34,2574,820,186,18,6,0
2025-11-20,00:34:31,13,18,24,13,18,24,1842,570,115,8,6,4
2025-11-20,00:49:33,9,11,14,9,11,14,1308,410,58,4,2,2
2025-11-20,01:04:34,8,11,11,8,11,11,1254,386,60,0,0,0
2025-11-20,01:34:39,6,8,10,6,8,10,999,298,45,2,2,0
2025-11-20,08:36:19,0,0,2,0,0,2,201,61,8,2,2,0
2025-11-20,13:07:24,439,1177,1644,292,784,1095,15323,26299,13031,3013,1118,558
2025-11-20,13:37:29,63,84,88,41,55,68,8955,2720,434,19,6,2
2025-11-20,13:52:29,17,20,21,17,20,21,2502,743,63,2,0,0
2025-11-20,14:37:36,0,0,0,0,0,0,258,75,6,0,0,0
2025-11-20,17:38:16,3,5,6,3,5,6,753,229,33,4,2,0
2025-11-20,18:08:20,7,8,9,7,8,9,1149,358,35,2,2,0
2025-11-20,19:08:32,6,8,10,6,8,10,996,308,32,4,2,2
2025-11-20,20:23:47,6,8,8,6,8,8,1014,309,33,0,0,0
2025-11-20,21:08:53,7,8,10,7,8,10,1050,325,38,6,2,0
2025-11-20,21:38:58,8,9,9,8,9,9,1293,365,32,0,0,0
2025-11-20,22:24:05,8,12,13,8,12,13,1233,380,88,4,2,2
2025-11-20,23:09:12,7,9,9,7,9,9,1032,313,44,2,0,0
2025-11-20,23:54:20,7,8,10,7,8,10,1068,335,28,2,2,2
2025-11-21,00:54:32,5,7,7,5,7,7,879,277,35,0,0,0
2025-11-21,02:24:50,3,3,5,3,3,5,627,178,8,2,2,0
2025-11-21,03:55:07,4,4,4,4,4,4,723,214,18,0,0,0
2025-11-21,05:25:24,3,3,7,3,3,7,738,222,11,7,4,0
2025-11-21,06:10:34,5,6,9,5,6,9,900,261,14,4,4,2
2025-11-21,06:40:37,6,8,8,6,8,8,888,284,37,0,0,0
2025-11-21,07:13:15,5,14,14,5,14,14,1131,357,81,20,0,0
2025-11-21,07:21:44,8,19,20,8,19,20,1389,448,102,31,2,0
2025-11-21,08:52:37,19,25,32,19,25,32,2712,827,142,12,8,2
2025-11-21,10:22:56,12,18,18,12,18,18,1896,595,90,4,0,0
2025-11-21,10:37:58,13,15,15,13,15,15,1770,561,72,0,0,0
2025-11-21,10:52:58,12,16,17,12,16,17,1677,533,102,2,0,0
2025-11-21,11:23:02,9,11,12,9,11,12,1440,449,53,2,0,0
2025-11-21,12:08:09,7,9,9,7,9,9,1131,343,28,0,0,0
2025-11-21,12:53:18,7,8,9,7,8,9,1155,342,29,4,2,0
2025-11-21,14:08:31,4,4,6,4,4,6,756,223,8,2,2,2
2025-11-21,17:39:19,3,4,4,3,4,4,687,194,8,0,0,0
2025-11-21,18:54:33,5,5,5,5,5,5,783,227,6,0,0,0
2025-11-21,20:54:57,3,4,4,3,4,4,777,224,24,0,0,0
2025-11-21,22:40:18,4,4,4,4,4,4,741,220,17,0,0,0
2025-11-21,23:40:29,5,5,5,5,5,5,789,228,25,0,0,0
2025-11-22,01:10:47,5,6,6,5,6,6,813,247,33,0,0,0
2025-11-22,02:41:06,6,7,7,6,7,7,957,288,29,0,0,0
2025-11-22,03:41:16,6,8,8,6,8,8,951,301,54,0,0,0
2025-11-22,05:11:35,6,8,9,6,8,9,1068,330,53,2,2,0
2025-11-22,05:56:41,8,9,11,8,9,11,1080,334,61,2,2,2
2025-11-22,06:41:49,7,8,9,7,8,9,1152,355,51,2,0,0
2025-11-22,07:41:59,6,8,8,6,8,8,999,309,43,0,0,0
2025-11-22,08:27:06,4,5,5,4,5,5,774,230,31,0,0,0
2025-11-22,09:57:24,17,27,34,17,27,34,2766,830,154,15,10,2
2025-11-22,10:57:35,10,12,14,10,12,14,1437,448,74,2,2,2
2025-11-22,11:27:39,8,10,13,8,10,13,1161,361,80,4,4,2
2025-11-22,11:57:44,7,9,10,7,9,10,984,317,54,2,0,0
2025-11-22,13:12:58,7,9,9,7,9,9,1029,317,41,0,0,0
2025-11-22,14:13:09,7,9,9,7,9,9,1041,312,59,0,0,0
2025-11-22,14:58:17,9,12,13,9,12,13,1329,415,56,2,2,0
2025-11-22,15:43:24,8,11,12,8,11,12,1215,380,55,4,2,0
2025-11-22,16:13:29,7,7,9,7,7,9,1107,327,24,2,2,0
2025-11-22,16:43:34,11,15,15,11,15,15,1608,496,95,0,0,0
2025-11-22,17:13:38,9,11,11,9,11,11,1278,386,46,2,0,0
2025-11-22,17:28:38,8,9,14,8,9,14,1215,379,54,6,6,4
2025-11-22,17:58:42,8,11,11,8,11,11,1245,386,73,0,0,0
2025-11-22,18:13:43,12,14,14,12,14,14,1626,498,74,0,0,0
2025-11-22,18:43:48,11,14,14,11,14,14,1641,496,76,0,0,0
2025-11-22,19:13:53,10,17,17,10,17,17,1623,499,90,10,0,0
2025-11-22,19:28:54,10,13,13,10,13,13,1578,477,60,0,0,0
2025-11-22,20:29:04,13,16,16,13,16,16,1839,566,86,2,0,0
2025-11-22,20:44:05,12,15,18,12,15,18,1695,529,97,6,4,2
2025-11-22,20:59:07,12,17,17,12,17,17,1893,583,113,0,0,0
2025-11-22,21:14:08,11,14,14,11,14,14,1701,520,77,0,0,0
2025-11-22,21:29:08,20,23,23,20,23,23,2703,805,119,0,0,0
2025-11-22,21:59:13,15,19,19,15,19,19,2031,616,112,0,0,0
2025-11-22,22:29:16,357,748,1110,237,498,739,61074,19530,7329,1640,684,407
2025-11-22,23:14:24,273,485,631,181,323,420,40488,12764,3810,669,257,139
2025-11-23,00:29:39,90,143,197,59,95,131,12246,3809,890,171,74,41
2025-11-23,01:29:50,62,95,100,41,63,73,8427,2613,559,45,8,2
2025-11-23,01:59:54,51,82,96,34,54,71,6933,2121,505,62,15,6
2025-11-23,02:45:04,45,66,72,32,47,60,6060,1872,378,32,8,4
2025-11-23,03:00:04,37,53,59,29,43,53,5172,1591,304,17,8,4
2025-11-23,03:15:05,41,55,68,31,44,58,5475,1704,290,25,14,10
2025-11-23,03:30:06,33,49,56,27,40,51,4809,1502,264,22,8,4
2025-11-23,04:00:10,28,42,45,24,37,45,4014,1252,249,12,4,2
2025-11-23,04:15:10,30,43,44,26,38,44,4122,1262,238,10,2,0
2025-11-23,05:00:19,27,38,44,24,35,44,3792,1161,221,16,8,2
2025-11-23,06:00:32,22,32,34,21,31,34,3015,931,196,12,2,0
2025-11-23,06:30:36,23,33,36,22,32,36,3117,978,156,19,4,0
2025-11-23,06:45:36,22,31,33,21,30,33,3045,938,177,10,4,0
2025-11-23,07:00:37,19,31,33,19,30,33,2793,848,162,24,4,0
2025-11-23,07:30:41,20,26,29,20,26,29,2724,840,133,8,4,0
2025-11-23,08:00:46,17,22,23,17,22,23,2385,723,115,2,2,0
2025-11-23,08:45:55,16,24,24,16,24,24,2310,719,133,4,0,0
2025-11-23,09:16:00,17,22,26,17,22,26,2508,775,126,4,4,2
2025-11-23,09:46:04,19,27,31,19,27,31,2622,832,157,10,4,2
2025-11-23,10:01:05,20,25,26,19,25,26,2811,852,151,4,2,0
2025-11-23,10:31:08,19,27,28,19,27,28,2508,777,142,13,2,0
2025-11-23,12:01:26,18,26,33,18,26,33,2613,806,183,14,8,6
2025-11-23,12:31:30,14,19,25,14,19,25,2139,663,129,8,6,2
2025-11-23,12:46:30,18,26,30,18,26,30,2502,780,149,14,4,4
2025-11-23,14:31:53,13,17,22,13,17,22,1806,576,99,8,6,4
2025-11-23,14:46:54,12,15,15,12,15,15,1725,519,67,2,0,0
2025-11-23,15:01:56,11,14,19,11,14,19,1563,474,88,6,6,4
2025-11-23,15:47:03,11,14,14,11,14,14,1566,489,53,2,0,0
2025-11-23,16:32:10,585,1513,1800,389,1008,1199,40139,34761,19820,2940,720,375
2025-11-23,17:02:14,371,562,602,246,374,401,54057,17035,4125,370,77,32
2025-11-23,17:32:19,251,360,386,167,239,257,35481,11077,2208,179,45,6
2025-11-23,19:47:47,36,45,47,28,39,46,4830,1488,209,4,2,2
2025-11-23,20:47:59,22,28,29,21,28,29,3036,942,134,4,2,2
2025-11-23,21:18:04,22,31,33,21,30,33,2973,929,167,12,2,2
2025-11-23,21:33:04,21,31,35,20,30,35,2943,920,189,15,4,2
2025-11-23,21:48:05,20,28,29,20,28,29,2838,869,154,8,2,0
2025-11-23,22:18:10,19,25,26,19,25,26,2664,821,145,2,2,0
2025-11-23,22:48:15,17,21,22,17,21,22,2412,733,109,2,0,0
2025-11-23,23:03:15,20,25,27,20,25,27,2772,834,158,4,4,2
2025-11-23,23:33:19,22,31,31,21,30,31,3138,960,163,8,0,0
2025-11-24,00:03:24,22,33,35,21,32,35,2985,938,179,18,2,2
2025-11-24,01:18:39,22,26,37,21,26,37,2985,926,114,15,13,6
2025-11-24,01:33:39,20,27,31,20,27,31,2877,871,131,10,6,2
2025-11-24,01:48:40,17,24,24,17,24,24,2565,777,103,6,0,0
2025-11-24,02:33:48,11,13,16,11,13,16,1440,466,61,4,4,2
2025-11-24,03:03:53,4,5,5,4,5,5,831,238,26,0,0,0
2025-11-24,04:34:10,1,1,3,1,1,3,447,142,8,2,2,2
2025-11-24,09:05:13,6,6,7,6,6,7,858,269,14,2,2,0
2025-11-24,09:50:19,7,8,10,7,8,10,1167,362,51,2,2,2
2025-11-24,10:35:28,10,11,13,10,11,13,1362,428,45,4,4,0
2025-11-24,11:20:35,5,6,9,5,6,9,858,269,38,4,4,2
2025-11-24,12:20:45,2,3,3,2,3,3,603,174,15,0,0,0
2025-11-24,13:51:03,7,7,9,7,7,9,1044,327,27,2,2,0
2025-11-24,14:36:11,14,15,15,14,15,15,2253,637,21,0,0,0
2025-11-24,15:06:14,23,24,27,22,24,27,3387,996,62,4,2,2
2025-11-24,15:21:16,27,29,29,24,29,29,4107,1214,74,0,0,0
2025-11-24,15:36:17,32,35,35,27,33,35,4731,1388,90,2,0,0
2025-11-24,15:51:18,32,36,36,27,33,36,4608,1378,109,2,0,0
2025-11-24,18:06:47,20,24,24,20,24,24,2766,852,80,0,0,0
2025-11-24,18:21:48,18,23,24,18,23,24,2649,800,88,6,2,0
2025-11-24,18:51:52,19,21,26,19,21,26,2406,748,91,8,6,2
2025-11-24,19:06:53,17,21,21,17,21,21,2325,709,114,0,0,0
2025-11-24,20:22:07,20,26,26,20,26,26,2724,823,139,2,0,0
2025-11-24,21:07:16,19,26,26,19,26,26,2628,810,137,8,0,0
2025-11-24,22:22:30,13,20,21,13,20,21,2103,650,123,6,2,2
2025-11-24,22:37:31,15,21,21,15,21,21,2151,641,87,10,0,0
2025-11-24,22:52:33,15,22,22,15,22,22,2217,686,134,8,0,0
2025-11-25,00:07:47,14,17,18,14,17,18,1965,594,102,2,0,0
2025-11-25,01:07:59,13,18,18,13,18,18,1827,556,75,8,0,0
2025-11-25,01:22:59,11,14,14,11,14,14,1689,514,62,4,0,0
2025-11-25,01:53:04,9,10,14,9,10,14,1362,407,39,4,4,2
2025-11-25,02:23:09,6,7,8,6,7,8,1038,317,21,2,2,0
2025-11-25,02:53:13,8,10,10,8,10,10,1299,387,46,0,0,0
2025-11-25,03:53:24,2,2,5,2,2,5,531,166,12,4,4,2
2025-11-25,07:39:15,1,1,1,1,1,1,249,76,10,2,0,0
2025-11-25,12:10:20,2,7,16,2,7,16,558,173,63,24,10,6
2025-11-25,12:40:24,1,2,2,1,2,2,252,76,14,0,0,0
2025-11-25,13:55:39,0,0,0,0,0,0,156,50,4,0,0,0
2025-11-25,16:11:07,1,1,1,1,1,1,309,97,6,0,0,0
2025-11-25,17:56:26,0,0,0,0,0,0,345,104,4,0,0,0
2025-11-25,19:41:47,1,2,3,1,2,3,501,144,15,2,2,0
2025-11-25,21:27:08,3,4,4,3,4,4,582,171,22,0,0,0
2025-11-25,22:57:26,5,5,5,5,5,5,771,235,17,0,0,0
2025-11-26,00:12:40,3,4,4,3,4,4,588,182,15,2,0,0
2025-11-26,01:58:00,2,3,3,2,3,3,489,153,23,2,0,0
2025-11-26,03:43:21,1,1,1,1,1,1,408,118,4,0,0,0
2025-11-26,05:28:41,1,1,1,1,1,1,354,97,2,0,0,0
2025-11-26,07:14:01,1,1,1,1,1,1,318,98,4,0,0,0
2025-11-26,08:44:18,4,5,5,4,5,5,702,210,21,0,0,0
2025-11-26,10:14:36,3,3,3,3,3,3,666,196,6,0,0,0
2025-11-26,11:59:57,5,6,6,5,6,6,894,260,14,0,0,0
2025-11-26,12:45:04,347,571,632,231,380,421,51216,16271,4639,450,110,41
2025-11-26,13:00:05,121,196,219,80,130,145,17457,5451,1260,115,29,16
2025-11-26,13:15:07,37,55,61,29,44,55,5283,1627,318,19,8,2
2025-11-26,13:30:08,16,21,21,16,21,21,2283,726,84,2,0,0
2025-11-26,14:00:12,10,13,15,10,13,15,1635,473,74,4,2,0
2025-11-26,14:15:13,12,14,14,12,14,14,1620,503,65,0,0,0
2025-11-26,14:45:17,7,9,9,7,9,9,1110,340,52,0,0,0
2025-11-26,15:15:22,7,9,9,7,9,9,1101,340,35,2,0,0
2025-11-26,16:15:32,6,7,7,6,7,7,900,279,32,0,0,0
2025-11-26,17:00:40,3,5,5,3,5,5,768,235,34,0,0,0
2025-11-26,17:45:48,29,55,70,25,43,59,4236,1331,386,63,20,8
2025-11-26,18:00:48,17,22,26,17,22,26,2331,728,110,4,4,4
2025-11-26,19:31:05,8,9,9,8,9,9,1218,372,31,0,0,0
2025-11-26,20:16:14,6,9,9,6,9,9,1164,350,64,0,0,0
2025-11-26,21:01:21,11,18,18,11,18,18,1815,557,92,12,0,0
2025-11-26,21:46:27,19,24,26,19,24,26,2565,787,122,8,0,0
2025-11-26,22:16:32,20,32,33,20,31,33,2844,870,194,14,0,0
2025-11-26,22:31:32,21,28,28,20,28,28,2847,876,125,2,0,0
2025-11-27,00:01:52,20,26,26,20,26,26,2739,814,146,0,0,0
2025-11-27,00:47:00,20,27,28,20,27,28,2820,866,127,8,2,2
2025-11-27,01:47:10,16,20,20,16,20,20,2241,690,91,0,0,0
2025-11-27,02:02:12,17,26,29,17,26,29,2556,794,141,15,4,2
2025-11-27,02:32:16,20,27,30,20,27,30,2697,841,147,12,4,0
2025-11-27,02:47:16,19,26,28,19,26,28,2700,843,151,2,2,2
2025-11-27,03:17:20,17,28,28,17,28,28,2631,798,165,14,0,0
2025-11-27,04:17:31,14,20,20,14,20,20,1926,597,125,6,0,0
2025-11-27,04:32:32,14,18,18,14,18,18,2001,609,103,0,0,0
2025-11-27,04:47:32,12,16,21,12,16,21,1653,515,111,6,6,2
2025-11-27,05:02:33,10,18,18,10,18,18,1464,464,108,15,0,0
2025-11-27,05:32:36,10,12,12,10,12,12,1428,424,72,0,0,0
2025-11-27,06:17:44,7,9,9,7,9,9,1107,342,50,0,0,0
2025-11-27,06:47:48,6,8,8,6,8,8,1131,335,63,2,0,0
2025-11-27,07:32:55,6,7,9,6,7,9,1044,324,37,2,2,2
2025-11-27,08:02:59,6,9,9,6,9,9,1116,339,59,4,0,0
2025-11-27,08:33:02,7,9,9,7,9,9,1125,358,62,0,0,0
2025-11-27,08:48:03,8,11,12,8,11,12,1185,367,70,2,2,0
2025-11-27,09:33:11,6,7,7,6,7,7,843,267,38,0,0,0
2025-11-27,10:33:22,8,10,10,8,10,10,1182,350,44,0,0,0
2025-11-27,11:03:26,7,8,8,7,8,8,1041,327,33,0,0,0
2025-11-27,11:33:31,9,10,10,9,10,10,1236,382,40,0,0,0
2025-11-27,12:03:35,8,11,11,8,11,11,1152,369,67,0,0,0
2025-11-27,12:18:36,87,157,196,57,104,130,12129,3803,1156,140,51,37
2025-11-27,12:33:36,267,463,561,177,308,373,38688,12234,3599,524,161,84
2025-11-27,13:03:41,243,388,453,161,258,301,34479,10847,2746,350,105,47
2025-11-27,13:18:42,188,293,356,125,195,237,25770,8166,2017,238,96,43
2025-11-27,13:33:43,128,211,242,84,140,160,17922,5554,1364,175,41,17
2025-11-27,13:48:44,90,144,168,59,95,111,12474,3874,954,87,32,20
2025-11-27,14:03:45,69,109,125,45,72,83,9375,2900,629,83,23,10
2025-11-27,14:33:48,33,48,59,27,40,53,4653,1406,318,23,13,10
2025-11-27,14:48:49,34,50,56,28,41,52,4680,1441,311,16,8,6
2025-11-27,15:33:57,19,25,33,19,25,33,2538,779,158,10,10,8
2025-11-27,15:48:59,16,21,27,16,21,27,2160,675,116,11,8,2
2025-11-27,16:49:11,11,17,21,11,17,21,1728,542,94,8,4,2
2025-11-27,17:04:12,10,13,15,10,13,15,1515,470,66,2,2,2
2025-11-27,17:19:12,10,14,19,10,14,19,1515,472,88,10,6,4
2025-11-27,17:34:13,11,13,13,11,13,13,1521,462,74,0,0,0
2025-11-27,17:49:14,12,14,16,12,14,16,1545,477,83,4,4,0
2025-11-27,18:19:18,10,15,15,10,15,15,1599,494,87,0,0,0
2025-11-27,18:34:18,10,13,14,10,13,14,1425,445,73,4,2,0
2025-11-27,18:49:18,12,17,18,12,17,18,1614,516,107,6,2,0
2025-11-27,19:49:31,10,13,15,10,13,15,1428,439,73,4,2,2
2025-11-27,20:19:35,7,10,10,7,10,10,1269,377,62,0,0,0
2025-11-27,20:34:36,10,12,12,10,12,12,1470,437,57,0,0,0
2025-11-27,21:04:40,8,10,12,8,10,12,1218,381,67,2,2,0
2025-11-27,21:34:45,8,11,12,8,11,12,1212,380,61,2,2,0
2025-11-27,22:19:53,11,15,15,11,15,15,1647,511,88,0,0,0
2025-11-27,22:34:55,11,14,16,11,14,16,1518,481,76,2,2,2
2025-11-27,22:49:56,12,13,13,12,13,13,1602,490,52,0,0,0
2025-11-27,23:04:56,10,11,11,10,11,11,1398,435,39,0,0,0
2025-11-28,00:05:08,13,16,16,13,16,16,1929,575,75,0,0,0
2025-11-28,00:20:08,12,17,17,12,17,17,1812,545,100,2,0,0
2025-11-28,00:35:10,11,14,16,11,14,16,1707,528,94,6,0,0
2025-11-28,01:05:15,9,14,17,9,14,17,1545,456,97,6,4,2
2025-11-28,01:20:16,11,13,15,11,13,15,1659,499,65,2,2,0
2025-11-28,01:50:21,8,11,16,8,11,16,1371,420,75,6,6,2
2025-11-28,02:05:22,11,13,13,11,13,13,1611,487,51,0,0,0
2025-11-28,02:20:22,11,14,15,11,14,15,1500,470,77,4,2,0
2025-11-28,02:50:28,12,14,14,12,14,14,1734,544,74,0,0,0
2025-11-28,03:05:29,11,14,17,11,14,17,1683,525,78,4,4,0
2025-11-28,03:20:30,10,12,12,10,12,12,1479,448,52,0,0,0
2025-11-28,04:05:38,11,16,17,11,16,17,1650,502,99,6,2,2
2025-11-28,04:20:39,12,15,15,12,15,15,1722,530,76,0,0,0
2025-11-28,04:35:39,10,14,14,10,14,14,1476,467,71,4,0,0
2025-11-28,05:20:46,9,12,14,9,12,14,1299,399,65,2,2,2
2025-11-28,05:35:47,11,15,15,11,15,15,1527,461,81,4,0,0
2025-11-28,06:35:59,10,13,13,10,13,13,1524,469,69,2,0,0
2025-11-28,06:51:00,10,13,15,10,13,15,1440,450,78,4,4,0
2025-11-28,07:36:08,7,9,10,7,9,10,1146,346,58,2,2,0
2025-11-28,08:06:12,8,10,10,8,10,10,1143,356,51,0,0,0
2025-11-28,08:36:16,9,11,11,9,11,11,1239,391,49,0,0,0
2025-11-28,08:51:16,8,11,11,8,11,11,1206,368,54,2,0,0
2025-11-28,09:06:17,9,11,11,9,11,11,1233,385,61,0,0,0
2025-11-28,09:36:22,11,14,14,11,14,14,1506,477,75,2,0,0
2025-11-28,09:51:22,9,11,13,9,11,13,1626,476,50,6,0,0
2025-11-28,10:06:22,11,16,16,11,16,16,1791,554,93,4,0,0
2025-11-28,10:21:23,12,14,14,12,14,14,1674,497,65,0,0,0
2025-11-28,10:36:24,12,14,15,12,14,15,1704,525,64,2,0,0
2025-11-28,10:51:24,10,12,14,10,12,14,1497,439,77,2,2,2
2025-11-28,11:21:28,10,11,11,10,11,11,1395,438,46,0,0,0
2025-11-28,11:51:32,10,16,16,10,16,16,1491,457,79,7,0,0
2025-11-28,12:06:32,10,17,19,10,17,19,1554,483,101,12,2,2
2025-11-28,12:51:40,8,8,10,8,8,10,1062,327,35,4,2,0
2025-11-28,13:51:51,8,9,9,8,9,9,1089,352,42,0,0,0
2025-11-28,15:07:05,4,5,7,4,5,7,792,241,33,4,2,0
2025-11-28,16:22:20,8,9,11,8,9,11,1074,332,32,2,2,2
2025-11-28,17:22:33,10,11,13,10,11,13,1380,429,51,2,2,2
2025-11-28,17:52:38,7,8,8,7,8,8,1113,340,32,0,0,0
2025-11-28,18:22:43,8,9,13,8,9,13,1182,362,55,4,4,2
2025-11-28,19:37:57,14,19,20,14,19,20,2091,658,85,6,2,0
2025-11-28,20:38:08,22,26,27,21,26,27,2736,853,138,4,0,0
2025-11-28,21:23:15,23,31,35,22,30,35,3162,975,186,10,6,0
2025-11-28,21:53:20,19,27,29,19,27,29,2736,837,154,4,2,2
2025-11-28,22:53:31,39,48,50,30,40,48,5061,1573,252,4,4,0
2025-11-28,23:53:42,24,33,34,22,32,34,3255,1032,156,8,2,0
2025-11-29,00:23:47,24,33,34,22,32,34,3372,1032,142,15,0,0
2025-11-29,00:38:48,21,26,27,20,26,27,3015,925,127,2,2,0
2025-11-29,01:08:53,21,25,26,20,25,26,2991,925,107,2,2,2
2025-11-29,01:38:58,24,34,34,22,32,34,3420,1051,175,14,0,0
2025-11-29,01:53:59,24,29,30,22,29,30,3243,996,139,6,0,0
2025-11-29,02:39:07,24,37,37,22,34,37,3489,1076,189,12,0,0
2025-11-29,02:54:09,27,36,39,24,33,39,3585,1119,196,11,4,2
2025-11-29,03:24:13,26,37,38,23,34,38,3735,1135,172,13,2,0
2025-11-29,03:54:18,26,36,38,23,33,38,3570,1095,184,15,2,0
2025-11-29,04:09:20,25,35,35,23,33,35,3438,1043,179,6,0,0
2025-11-29,04:24:20,24,32,32,22,31,32,3180,991,157,6,0,0
2025-11-29,04:54:25,22,27,28,21,27,28,2919,891,158,4,0,0
2025-11-29,05:09:25,25,32,35,23,31,35,3330,1009,177,6,4,2
2025-11-29,06:09:37,22,29,29,21,29,29,3114,976,170,0,0,0
2025-11-29,06:24:38,24,35,35,22,32,35,3450,1077,211,4,0,0
2025-11-29,06:54:43,28,39,44,24,35,44,3909,1183,226,18,6,2
2025-11-29,07:09:43,24,32,36,22,31,36,3339,1026,162,12,4,2
2025-11-29,07:24:44,30,41,42,26,36,42,4041,1234,209,8,2,0
2025-11-29,08:55:04,29,38,40,25,35,40,3933,1197,184,4,2,2
2025-11-29,09:10:04,26,35,37,23,33,37,3747,1152,170,8,4,0
2025-11-29,09:25:06,26,33,34,23,32,34,3780,1120,157,2,2,2
2025-11-29,09:40:07,23,33,36,21,31,36,3393,1037,184,14,2,0
2025-11-29,09:55:07,22,31,32,21,30,32,3246,1003,150,13,2,0
2025-11-29,10:10:08,21,31,32,20,30,32,3084,945,149,10,0,0
2025-11-29,10:40:13,18,22,22,18,22,22,2520,776,122,0,0,0
2025-11-29,12:10:32,14,17,17,14,17,17,2052,632,74,0,0,0
2025-11-29,12:25:32,12,15,15,12,15,15,1791,547,72,2,0,0
2025-11-29,12:40:32,11,13,13,11,13,13,1530,475,48,0,0,0
2025-11-29,12:55:33,11,14,15,11,14,15,1602,501,70,2,2,2
2025-11-29,13:25:37,11,17,19,11,17,19,1662,519,80,11,2,2
2025-11-29,13:55:42,9,12,12,9,12,12,1509,460,65,2,0,0
2025-11-29,14:40:50,7,9,9,7,9,9,1302,389,52,0,0,0
2025-11-29,14:55:51,12,14,15,12,14,15,1647,507,70,4,2,0
2025-11-29,15:10:51,9,17,20,9,17,20,1473,452,100,23,4,2
2025-11-29,15:25:53,7,7,7,7,7,7,1164,344,12,0,0,0
2025-11-29,16:26:04,54,79,94,35,52,69,7701,2364,421,52,20,8
2025-11-29,17:11:12,28,40,50,24,36,48,3960,1220,210,18,12,6
2025-11-29,17:41:16,20,25,26,20,25,26,2802,867,108,4,2,2
2025-11-29,18:26:25,12,14,17,12,14,17,1704,524,79,4,4,0
2025-11-29,18:41:26,9,12,14,9,12,14,1500,464,67,2,2,2
2025-11-29,19:11:30,9,11,15,9,11,15,1251,386,67,6,6,2
2025-11-29,19:41:34,9,10,12,9,10,12,1335,418,47,2,2,0
2025-11-29,20:11:38,11,13,17,11,13,17,1551,489,60,6,6,2
2025-11-29,20:26:39,12,17,19,12,17,19,1734,526,91,4,2,2
2025-11-29,20:41:39,9,11,11,9,11,11,1296,401,54,0,0,0
2025-11-29,21:11:43,10,11,15,10,11,15,1455,440,60,4,4,4
2025-11-29,21:41:48,8,10,10,8,10,10,1338,402,61,0,0,0
2025-11-29,22:11:53,9,11,11,9,11,11,1305,404,57,0,0,0
2025-11-29,22:41:57,8,9,10,8,9,10,1176,359,35,2,2,0
2025-11-29,23:42:08,8,8,8,8,8,8,1083,350,24,0,0,0
2025-11-30,00:27:15,6,7,7,6,7,7,933,294,45,0,0,0
2025-11-30,01:12:23,7,8,8,7,8,8,1062,327,45,0,0,0
2025-11-30,02:12:34,6,6,6,6,6,6,864,273,25,0,0,0
2025-11-30,03:57:56,6,7,7,6,7,7,966,290,31,0,0,0
2025-11-30,05:28:14,5,6,6,5,6,6,747,235,29,0,0,0
2025-11-30,07:13:34,2,2,2,2,2,2,579,177,23,0,0,0
2025-11-30,08:58:54,3,4,4,3,4,4,774,236,25,0,0,0
2025-11-30,09:44:01,8,10,10,8,10,10,1176,356,52,0,0,0
2025-11-30,10:29:10,7,9,9,7,9,9,1104,335,43,2,0,0
2025-11-30,11:14:17,10,15,16,10,15,16,1479,460,78,8,0,0
2025-11-30,11:44:21,8,9,9,8,9,9,1149,360,39,0,0,0
2025-11-30,12:44:32,5,6,6,5,6,6,861,262,29,0,0,0
2025-11-30,14:29:53,2,3,3,2,3,3,591,184,16,0,0,0
2025-11-30,16:45:23,7,9,12,7,9,12,1140,327,42,6,4,0
2025-11-30,17:15:27,156,223,255,103,148,169,21990,6808,1230,147,42,20
2025-11-30,18:15:40,43,63,68,31,46,58,6195,1885,331,34,6,4
2025-11-30,19:15:50,16,20,22,16,20,22,2202,662,108,2,2,2
2025-11-30,19:45:55,11,17,18,11,17,18,1752,524,96,8,2,0
2025-11-30,20:00:55,11,13,13,11,13,13,1650,492,67,0,0,0
2025-11-30,20:31:00,10,14,16,10,14,16,1491,448,49,10,2,0
2025-11-30,21:16:08,11,13,13,11,13,13,1557,472,52,0,0,0
2025-11-30,21:31:09,10,12,12,10,12,12,1425,435,60,0,0,0
2025-11-30,22:01:13,10,11,11,10,11,11,1386,434,56,0,0,0
2025-11-30,22:31:18,8,9,9,8,9,9,1140,354,32,0,0,0
2025-11-30,23:46:33,5,7,10,5,7,10,903,288,41,4,4,2
2025-12-01,01:01:49,6,7,13,6,7,13,1020,311,32,8,6,6
2025-12-01,01:46:57,337,544,650,224,362,433,49734,15708,4163,580,196,95
2025-12-01,02:01:57,207,331,417,137,220,277,29598,9230,2327,343,133,66
2025-12-01,02:16:57,155,247,307,103,164,204,21585,6739,1670,223,87,50
2025-12-01,03:02:04,59,98,124,39,65,82,8289,2602,625,73,31,18
2025-12-01,04:02:15,23,31,45,21,30,44,3165,991,201,20,16,12
2025-12-01,05:02:28,11,14,17,11,14,17,1599,480,64,4,4,2
2025-12-01,05:32:33,8,12,15,8,12,15,1317,400,72,6,4,2
2025-12-01,05:47:33,7,9,9,7,9,9,1161,369,50,0,0,0
2025-12-01,07:02:47,3,3,3,3,3,3,513,169,21,0,0,0
2025-12-01,08:33:04,4,5,5,4,5,5,699,220,27,2,0,0
2025-12-01,10:18:24,3,3,3,3,3,3,582,178,14,0,0,0
2025-12-01,12:03:45,3,4,5,3,4,5,657,191,17,2,0,0
2025-12-01,13:34:04,5,11,23,5,11,23,1209,366,82,19,13,11
2025-12-01,13:49:06,6,8,13,6,8,13,1095,327,65,6,6,2
2025-12-01,14:04:08,5,7,11,5,7,11,768,230,45,6,4,4
2025-12-01,14:19:08,6,7,11,6,7,11,933,287,44,4,4,4
2025-12-01,15:04:15,3,3,6,3,3,6,618,186,12,4,2,2
2025-12-01,15:19:16,6,11,22,6,11,22,1002,307,83,24,15,6
2025-12-01,16:04:24,8,11,11,8,11,11,1131,350,64,2,0,0
2025-12-01,16:19:24,3,5,8,3,5,8,681,218,60,4,4,2
2025-12-01,16:34:26,6,7,7,6,7,7,951,294,33,0,0,0
2025-12-01,16:49:26,5,8,13,5,8,13,996,317,57,8,8,2
2025-12-01,17:34:34,5,6,7,5,6,7,1002,311,36,2,0,0
2025-12-01,18:19:40,7,10,11,7,10,11,1134,353,43,4,0,0
2025-12-01,18:49:45,8,10,11,8,10,11,1341,415,49,2,2,0
2025-12-01,19:19:50,13,15,15,13,15,15,1713,530,71,0,0,0
2025-12-01,19:34:50,13,16,18,13,16,18,1902,583,84,4,2,0
2025-12-01,19:49:51,14,17,17,14,17,17,2007,627,92,2,0,0
2025-12-01,20:19:55,19,24,26,19,24,26,2595,771,136,4,4,0
2025-12-01,20:49:59,20,27,28,20,27,28,2730,861,144,6,2,0
2025-12-01,21:05:00,26,38,41,23,34,41,3672,1144,263,8,4,2
2025-12-01,21:35:06,22,30,33,21,30,33,2952,914,154,8,4,2
2025-12-01,21:50:06,21,27,28,20,27,28,2877,904,150,2,0,0
2025-12-01,22:20:10,18,26,27,18,26,27,2472,770,169,4,2,2
2025-12-01,23:20:21,16,20,23,16,20,23,2139,659,99,8,4,2
2025-12-01,23:35:22,15,20,20,15,20,20,2241,699,103,4,0,0
2025-12-01,23:50:24,15,17,17,15,17,17,1992,622,62,0,0,0
2025-12-02,00:05:24,14,16,23,14,16,23,1911,592,80,8,8,4
2025-12-02,00:35:28,13,16,16,13,16,16,1827,574,91,0,0,0
2025-12-02,01:05:31,9,11,12,9,11,12,1500,458,50,2,2,0
2025-12-02,01:20:32,9,11,11,9,11,11,1329,416,37,0,0,0
2025-12-02,01:50:35,10,13,13,10,13,13,1335,428,77,2,0,0
2025-12-02,02:35:43,8,9,9,8,9,9,1167,346,37,0,0,0
2025-12-02,03:05:47,8,9,12,8,9,12,1248,380,40,4,4,2
2025-12-02,03:35:51,10,10,10,10,10,10,1410,423,41,0,0,0
2025-12-02,04:05:56,12,15,17,12,15,17,1668,520,88,4,2,0
2025-12-02,04:20:56,11,13,14,11,13,14,1470,458,63,2,2,0
2025-12-02,04:51:00,12,14,15,12,14,15,1614,506,64,2,2,0
2025-12-02,05:21:05,11,14,14,11,14,14,1614,494,66,2,0,0
2025-12-02,05:36:05,10,15,15,10,15,15,1497,470,78,6,0,0
2025-12-02,06:21:13,14,20,22,14,20,22,1992,625,133,4,2,0
2025-12-02,06:51:18,11,14,14,11,14,14,1599,488,70,0,0,0
2025-12-02,07:06:18,11,13,14,11,13,14,1629,497,38,4,2,0
2025-12-02,07:36:22,10,12,12,10,12,12,1584,490,60,0,0,0
2025-12-02,07:51:24,10,14,15,10,14,15,1524,468,68,2,2,0
2025-12-02,08:06:24,11,15,17,11,15,17,1638,517,78,4,2,2
2025-12-02,08:21:25,13,14,16,13,14,16,1725,537,63,2,2,0
2025-12-02,08:36:26,13,18,19,13,18,19,1863,582,102,4,2,2
2025-12-02,09:06:31,10,13,13,10,13,13,1581,491,69,2,0,0
2025-12-02,09:21:31,11,16,16,11,16,16,1599,487,88,4,0,0
2025-12-02,09:36:32,12,14,16,12,14,16,1653,521,68,4,4,0
2025-12-02,09:51:32,11,18,19,11,18,19,1878,558,116,6,2,0
2025-12-02,10:06:33,12,14,15,12,14,15,1668,519,58,2,2,0
2025-12-02,10:36:38,12,15,15,12,15,15,1938,571,74,0,0,0
2025-12-02,11:21:46,12,17,19,12,17,19,1722,535,96,10,2,2
2025-12-02,11:36:46,12,15,16,12,15,16,1695,518,69,6,2,0
2025-12-02,12:06:51,10,11,11,10,11,11,1470,443,41,0,0,0
2025-12-02,12:36:56,10,13,16,10,13,16,1674,513,75,4,4,0
2025-12-02,12:51:58,11,14,16,11,14,16,1611,500,84,2,2,2
2025-12-02,13:07:00,10,11,11,10,11,11,1416,420,48,0,0,0
2025-12-02,13:22:01,9,10,12,9,10,12,1368,413,49,2,2,2
2025-12-02,13:37:01,12,15,17,12,15,17,1680,521,74,6,2,0
2025-12-02,14:07:06,8,9,10,8,9,10,1194,351,44,2,2,0
2025-12-02,14:37:09,9,11,11,9,11,11,1293,410,33,0,0,0
2025-12-02,15:07:13,8,8,12,8,8,12,1230,384,27,4,4,2
2025-12-02,15:52:22,6,7,9,6,7,9,1092,329,52,2,2,0
2025-12-02,16:37:30,9,12,17,9,12,17,1278,398,67,11,6,6
2025-12-02,17:22:38,6,12,14,6,12,14,1278,386,61,13,2,2
2025-12-02,17:37:39,10,13,16,10,13,16,1509,477,64,6,4,2
2025-12-02,17:52:40,10,13,18,10,13,18,1692,523,59,8,6,2
2025-12-02,18:07:41,15,18,22,15,18,22,2115,643,90,4,4,4
2025-12-02,19:22:55,21,32,42,20,31,42,2931,911,166,33,10,8
2025-12-02,20:08:03,21,26,26,20,26,26,2955,905,137,4,0,0
2025-12-02,20:23:04,497,867,937,331,577,624,11042,24666,8062,714,135,50
2025-12-02,21:23:16,524,787,822,349,524,547,12476,24998,6481,413,62,20
2025-12-02,21:38:16,494,691,723,329,460,481,7529,23269,5189,224,58,27
2025-12-02,22:08:19,396,538,551,263,358,367,56835,17817,3623,170,23,8
2025-12-02,22:53:26,245,324,332,162,215,220,33873,10498,1828,98,14,4
2025-12-02,23:08:26,202,265,270,134,176,179,26955,8367,1315,76,6,0
2025-12-02,23:53:33,107,137,139,71,91,92,14559,4419,702,12,2,2
2025-12-03,00:38:41,61,72,76,40,50,62,8094,2452,308,10,4,0
2025-12-03,00:53:41,52,68,68,35,49,58,6849,2130,344,10,0,0
2025-12-03,01:23:46,33,45,45,27,39,45,4470,1381,223,14,0,0
2025-12-03,01:53:50,26,35,40,23,33,40,3513,1081,173,18,6,0
2025-12-03,02:38:57,16,19,19,16,19,19,2475,767,94,0,0,0
2025-12-03,02:53:58,16,21,23,16,21,23,2322,733,106,2,2,2
2025-12-03,03:08:59,16,18,19,16,18,19,2178,667,66,2,2,0
2025-12-03,03:24:00,15,21,21,15,21,21,2382,726,114,0,0,0
2025-12-03,03:54:04,13,15,17,13,15,17,1860,562,66,2,2,2
2025-12-03,04:09:05,13,16,18,13,16,18,1770,536,82,4,2,0
2025-12-03,04:39:10,12,17,17,12,17,17,1710,534,84,4,0,0
2025-12-03,05:09:15,11,13,15,11,13,15,1536,483,65,2,2,0
2025-12-03,05:39:19,12,14,14,12,14,14,1728,522,58,0,0,0
2025-12-03,05:54:20,12,14,14,12,14,14,1548,486,64,2,0,0
2025-12-03,06:09:21,51,87,94,34,57,70,6768,2153,590,46,10,2
2025-12-03,06:39:25,52,76,81,35,52,65,6897,2152,462,28,6,2
2025-12-03,06:54:25,40,56,57,30,44,52,5439,1690,290,11,0,0
2025-12-03,07:09:26,238,418,566,158,278,377,35583,11215,3147,603,253,126
2025-12-03,07:24:27,256,401,515,170,267,343,36753,11536,2874,405,180,103
2025-12-03,08:24:39,67,109,150,44,72,99,9423,2919,677,111,53,34
2025-12-03,08:39:39,53,87,114,34,57,77,7827,2411,519,87,35,13
2025-12-03,09:24:48,33,54,64,27,43,56,4788,1474,322,41,10,6
2025-12-03,10:09:58,29,46,50,25,39,48,4128,1284,280,17,6,0
2025-12-03,11:10:09,19,24,27,19,24,27,2604,806,131,4,4,2
2025-12-03,11:25:09,17,24,30,17,24,30,2475,763,105,17,8,2
2025-12-03,12:25:20,12,14,17,12,14,17,1800,543,63,4,4,2
2025-12-03,12:55:25,14,19,19,14,19,19,1941,601,89,2,0,0
2025-12-03,13:40:33,13,17,18,13,17,18,1962,608,93,2,2,0
2025-12-03,13:55:34,10,15,18,10,15,18,1668,504,86,10,4,4
2025-12-03,14:10:34,10,13,14,10,13,14,1677,505,69,2,2,0
2025-12-03,14:40:40,12,14,15,12,14,15,1641,517,62,2,2,0
2025-12-03,15:10:44,11,13,13,11,13,13,1512,463,74,0,0,0
2025-12-03,15:25:44,9,13,16,9,13,16,1500,477,80,6,4,2
2025-12-03,16:25:56,10,13,13,10,13,13,1527,473,71,0,0,0
2025-12-03,17:11:04,12,15,17,12,15,17,1902,579,66,2,2,2
2025-12-03,17:26:05,13,16,17,13,16,17,1782,550,80,2,2,0
2025-12-03,17:56:09,13,18,18,13,18,18,1878,561,92,4,0,0
2025-12-03,18:26:14,16,23,23,16,23,23,2301,713,142,0,0,0
2025-12-03,19:26:26,16,20,20,16,20,20,2175,655,110,2,0,0
2025-12-03,19:56:32,18,21,23,18,21,23,2274,703,105,6,2,0
2025-12-03,20:11:33,16,24,27,16,24,27,2295,732,149,10,2,2
2025-12-03,20:41:37,15,19,20,15,19,20,2043,618,89,6,2,0
2025-12-03,20:56:38,11,16,18,11,16,18,1839,554,102,2,2,2
2025-12-03,21:11:39,12,16,17,12,16,17,1764,541,88,4,2,0
2025-12-03,21:26:40,12,15,16,12,15,16,1701,540,82,2,2,0
2025-12-03,21:56:45,12,15,15,12,15,15,1659,519,83,0,0,0
2025-12-03,22:41:52,7,7,7,7,7,7,1101,328,30,0,0,0
2025-12-03,23:42:04,10,12,12,10,12,12,1452,440,64,2,0,0
2025-12-04,00:12:08,8,12,14,8,12,14,1287,405,66,6,2,0
2025-12-04,00:42:12,10,12,12,10,12,12,1329,427,62,0,0,0
2025-12-04,00:57:13,9,12,12,9,12,12,1401,439,86,0,0,0
2025-12-04,01:27:17,12,14,14,12,14,14,1686,504,42,2,0,0
2025-12-04,01:42:18,10,13,13,10,13,13,1488,459,72,0,0,0
2025-12-04,02:12:22,14,19,23,14,19,23,2058,638,120,6,4,2
2025-12-04,02:42:25,9,12,13,9,12,13,1371,430,67,2,2,0
2025-12-04,03:12:30,6,7,8,6,7,8,1083,320,38,2,2,0
2025-12-04,03:57:38,7,9,9,7,9,9,1041,330,54,0,0,0
2025-12-04,04:27:42,7,9,9,7,9,9,1164,346,46,2,0,0
2025-12-04,05:12:50,8,9,9,8,9,9,1272,376,39,0,0,0
2025-12-04,05:42:54,9,11,14,9,11,14,1392,428,55,4,4,0
2025-12-04,06:12:58,9,12,13,9,12,13,1416,429,50,2,2,0
2025-12-04,06:58:07,6,10,13,6,10,13,1128,358,54,12,4,0
2025-12-04,07:13:07,9,10,12,9,10,12,1395,415,31,2,2,2
2025-12-04,07:58:14,14,20,20,14,20,20,2052,648,104,4,0,0
2025-12-04,09:13:29,11,14,15,11,14,15,1614,489,73,2,2,0
2025-12-04,09:28:30,11,14,14,11,14,14,1593,501,86,0,0,0
2025-12-04,09:58:35,11,15,15,11,15,15,1548,488,81,2,0,0
2025-12-04,10:13:35,10,12,14,10,12,14,1401,440,60,4,2,2
2025-12-04,10:43:41,11,14,19,11,14,19,1686,517,98,6,6,2
2025-12-04,10:58:41,10,12,14,10,12,14,1455,448,68,4,2,0
2025-12-04,11:28:46,8,10,10,8,10,10,1287,395,55,0,0,0
2025-12-04,11:58:51,9,10,13,9,10,13,1392,428,57,4,4,0
2025-12-04,12:43:59,9,12,12,9,12,12,1332,406,62,0,0,0
2025-12-04,13:29:07,5,6,10,5,6,10,849,257,43,4,4,4
2025-12-04,14:14:13,4,5,7,4,5,7,762,227,32,2,2,0
2025-12-04,15:44:31,11,12,12,11,12,12,1458,454,37,0,0,0
2025-12-04,15:59:31,8,9,11,8,9,11,1173,362,36,2,2,0
2025-12-04,16:44:38,10,12,12,10,12,12,1365,413,61,0,0,0
2025-12-04,16:59:39,6,9,10,6,9,10,1146,352,55,2,2,2
2025-12-04,17:59:50,9,11,11,9,11,11,1365,406,55,0,0,0
2025-12-04,18:14:50,7,9,12,7,9,12,1218,371,48,4,4,2
2025-12-04,18:29:52,10,14,19,10,14,19,1587,486,93,8,6,4
2025-12-04,18:44:53,12,14,18,12,14,18,1707,507,72,6,4,2
2025-12-04,18:59:55,12,15,19,12,15,19,1734,524,101,4,4,4
2025-12-04,19:14:56,14,22,22,14,22,22,2220,679,131,8,0,0
2025-12-04,20:45:14,13,15,16,13,15,16,1932,589,71,2,2,0
2025-12-04,21:15:19,15,18,20,15,18,20,2088,640,89,2,2,0
2025-12-04,21:30:20,14,18,22,14,18,22,1989,634,96,6,4,2
2025-12-04,22:00:23,11,13,15,11,13,15,1683,513,65,4,2,0
2025-12-04,22:45:32,12,16,18,12,16,18,1752,547,101,2,2,2
2025-12-04,23:00:32,14,18,20,14,18,20,1998,613,107,6,0,0
2025-12-04,23:15:34,13,16,20,13,16,20,2037,611,89,8,6,0
2025-12-05,00:15:46,14,19,19,14,19,19,2106,646,115,2,0,0
2025-12-05,01:46:07,19,24,27,19,24,27,2595,815,107,6,4,0
2025-12-05,02:01:07,18,23,23,18,23,23,2463,759,117,4,0,0
2025-12-05,04:01:32,68,89,96,44,58,71,9366,2841,425,22,10,2
2025-12-05,04:31:36,546,1030,1181,363,686,787,20501,27875,10592,1214,316,112
2025-12-05,04:46:37,480,822,924,319,547,615,7739,23437,7563,763,189,70
2025-12-05,05:31:45,317,463,498,211,308,331,44910,14063,3126,265,57,25
2025-12-05,06:16:52,153,222,243,101,147,161,21375,6598,1255,109,26,12
2025-12-05,07:47:11,30,43,48,26,38,47,4281,1303,270,13,7,2
2025-12-05,08:02:12,25,34,38,23,32,38,3498,1084,190,8,4,4
2025-12-05,08:47:19,14,18,21,14,18,21,2055,629,103,4,2,2
2025-12-05,09:02:20,12,14,17,12,14,17,1716,528,57,4,4,2
2025-12-05,09:17:21,11,14,15,11,14,15,1548,484,70,2,2,0
2025-12-05,09:47:25,10,11,13,10,11,13,1440,431,40,2,2,2
2025-12-05,10:02:26,10,14,14,10,14,14,1464,464,78,2,0,0
2025-12-05,10:32:31,10,13,15,10,13,15,1413,433,79,4,2,0
2025-12-05,11:02:35,8,11,13,8,11,13,1392,424,57,4,2,0
2025-12-05,11:32:39,7,8,9,7,8,9,1068,330,35,2,0,0
2025-12-05,12:47:53,4,5,5,4,5,5,747,224,28,0,0,0
2025-12-05,14:33:15,3,3,3,3,3,3,555,165,10,0,0,0
2025-12-05,15:48:29,42,70,87,31,50,67,5844,1797,393,71,18,14
2025-12-05,16:03:29,20,29,35,20,29,35,2775,850,167,18,6,4
2025-12-05,16:33:34,12,17,22,12,17,22,1941,588,98,8,6,2
2025-12-05,16:48:34,10,15,21,10,15,21,1644,512,111,10,6,2
2025-12-05,17:03:35,8,11,11,8,11,11,1278,386,66,0,0,0
2025-12-05,17:18:36,8,12,16,8,12,16,1254,394,71,8,4,0
2025-12-05,18:18:47,7,8,10,7,8,10,1128,344,42,2,2,0
2025-12-05,18:33:47,10,12,13,10,12,13,1386,443,40,2,0,0
2025-12-05,19:03:51,10,12,12,10,12,12,1437,440,38,4,0,0
2025-12-05,19:48:59,9,16,17,9,16,17,1539,479,105,8,0,0
2025-12-05,20:04:00,14,20,21,14,20,21,2007,614,110,8,2,0
2025-12-05,20:49:08,17,20,22,17,20,22,2271,693,91,6,2,0
2025-12-05,21:34:16,24,36,38,22,33,38,3276,997,186,21,2,2
2025-12-05,22:04:19,20,28,28,19,28,28,2865,896,145,10,0,0
2025-12-05,22:19:19,22,28,30,21,28,30,2931,924,142,4,2,2
2025-12-05,22:34:19,26,31,32,23,30,32,3534,1092,161,2,0,0
2025-12-05,22:49:20,20,25,25,19,25,25,2904,871,131,2,0,0
2025-12-05,23:04:20,21,31,31,20,30,31,2943,896,168,10,0,0
2025-12-05,23:19:21,24,33,40,22,32,40,3324,1017,165,23,8,4
2025-12-05,23:49:24,18,24,29,18,24,29,2418,763,126,10,6,4
2025-12-06,00:34:33,15,19,19,15,19,19,2079,656,110,0,0,0
2025-12-06,01:04:38,10,14,14,10,14,14,1641,509,100,0,0,0
2025-12-06,01:19:39,14,19,19,14,19,19,2016,636,126,0,0,0
2025-12-06,01:34:39,12,14,18,12,14,18,1590,495,81,4,4,4
2025-12-06,01:49:40,12,17,20,12,17,20,1758,536,88,6,2,2
2025-12-06,03:04:53,11,15,15,11,15,15,1653,506,82,0,0,0
2025-12-06,03:19:55,10,13,13,10,13,13,1341,420,77,2,0,0
2025-12-06,03:34:56,10,12,14,10,12,14,1407,434,70,4,2,0
2025-12-06,04:35:08,12,15,16,12,15,16,1710,521,82,2,2,0
2025-12-06,04:50:09,10,13,13,10,13,13,1635,502,71,0,0,0
2025-12-06,05:05:09,13,16,18,13,16,18,1743,529,95,6,2,2
2025-12-06,06:20:26,34,47,60,28,40,54,4620,1424,267,22,16,12
2025-12-06,06:50:30,21,32,38,20,31,38,3000,931,223,10,6,2
2025-12-06,07:05:32,18,24,26,18,24,26,2421,762,130,4,2,2
2025-12-06,07:35:37,20,28,31,20,28,31,2862,896,147,6,4,2
2025-12-06,07:50:39,33,52,57,27,42,52,4857,1482,288,29,8,2
2025-12-06,08:05:40,30,45,47,25,38,46,4233,1304,245,19,2,2
2025-12-06,08:20:40,18,24,25,18,24,25,2508,777,111,6,2,0
2025-12-06,08:50:45,16,24,28,16,24,28,2325,718,129,17,4,4
2025-12-06,09:05:47,18,27,27,18,27,27,2634,825,141,8,0,0
2025-12-06,10:21:01,13,14,16,13,14,16,1785,533,56,2,2,2
2025-12-06,10:36:02,14,17,17,14,17,17,1950,616,75,0,0,0
2025-12-06,10:51:02,13,16,16,13,16,16,1830,559,75,0,0,0
2025-12-06,11:06:04,15,20,23,15,20,23,2130,672,111,8,4,2
2025-12-06,11:21:04,14,19,20,14,19,20,1965,615,92,4,2,0
2025-12-06,11:36:05,12,15,16,12,15,16,1695,537,63,2,2,0
2025-12-06,12:21:12,4,5,5,4,5,5,879,270,22,0,0,0
2025-12-06,13:06:19,2,2,2,2,2,2,498,150,4,0,0,0
2025-12-06,15:21:48,0,1,3,0,1,3,219,63,6,4,4,0
2025-12-06,16:37:03,65,91,96,43,60,71,8712,2731,482,14,4,4
2025-12-06,17:22:13,416,677,828,277,451,551,64731,20573,5704,660,265,116
2025-12-06,17:37:13,360,548,638,239,364,425,53439,16785,3986,520,158,94
2025-12-06,17:52:13,297,432,503,197,287,335,41673,13104,2877,321,113,61
2025-12-06,18:37:21,163,226,260,108,150,173,22485,6973,1315,101,46,32
2025-12-06,18:52:22,124,183,203,82,121,135,17214,5324,972,110,25,17
2025-12-06,19:07:23,92,130,144,61,86,95,12801,3965,668,53,19,8
2025-12-06,20:07:35,34,44,52,28,38,49,4698,1402,232,17,8,6
2025-12-06,20:37:39,22,27,31,21,27,31,3138,957,114,8,6,2
2025-12-06,21:22:47,12,15,17,12,15,17,1764,532,69,6,2,0
2025-12-06,21:52:51,6,8,8,6,8,8,1041,330,54,0,0,0
2025-12-06,22:37:58,5,6,7,5,6,7,729,234,24,2,2,2
2025-12-07,01:23:34,0,0,0,0,0,0,189,60,2,0,0,0
2025-12-07,05:09:25,0,0,0,0,0,0,114,28,0,0,0,0
2025-12-07,09:10:20,4,4,4,4,4,4,666,206,11,0,0,0
2025-12-07,10:40:38,4,6,6,4,6,6,708,219,33,2,0,0
2025-12-07,11:40:50,5,8,12,5,8,12,933,285,70,6,4,2
2025-12-07,12:10:53,8,10,13,8,10,13,1185,365,59,4,4,2
2025-12-07,12:40:58,9,10,12,9,10,12,1245,394,47,4,2,0
2025-12-07,13:26:04,7,9,9,7,9,9,1116,335,34,0,0,0
2025-12-07,13:56:09,6,7,9,6,7,9,978,297,47,2,2,0
2025-12-07,15:26:26,1,1,1,1,1,1,366,92,6,0,0,0
2025-12-08,09:15:46,6,8,10,6,8,10,957,296,47,6,2,0
2025-12-08,09:45:50,7,8,8,7,8,8,1152,367,28,0,0,0
2025-12-08,10:15:54,7,10,12,7,10,12,1113,340,71,4,4,0
2025-12-08,10:30:54,6,9,9,6,9,9,1053,335,73,0,0,0
2025-12-08,11:00:58,6,8,8,6,8,8,978,296,45,0,0,0
2025-12-08,12:16:11,3,3,3,3,3,3,489,153,13,0,0,0
2025-12-08,16:17:09,382,580,611,254,386,407,54981,17464,4584,312,53,24
2025-12-08,17:17:20,138,201,216,91,133,143,18876,5876,1168,85,20,10
2025-12-08,17:32:21,111,157,169,73,104,112,14961,4676,966,52,14,4
2025-12-08,18:02:27,57,84,88,37,55,68,7482,2349,463,38,6,2
2025-12-08,18:17:28,39,51,54,30,42,50,5235,1596,267,8,2,2
2025-12-08,20:02:49,17,21,21,17,21,21,2385,708,105,2,0,0
2025-12-08,20:17:49,13,16,17,13,16,17,2010,621,49,2,2,0
2025-12-08,20:32:50,13,17,21,13,17,21,1884,595,76,6,4,4
2025-12-08,21:02:55,13,15,15,13,15,15,1932,612,71,0,0,0
2025-12-08,21:17:56,12,14,17,12,14,17,1848,573,79,4,2,0
2025-12-08,21:32:58,11,13,13,11,13,13,1728,506,71,0,0,0
2025-12-08,22:18:05,12,17,19,12,17,19,1782,556,102,6,2,0
2025-12-08,22:33:06,12,13,13,12,13,13,1620,503,46,0,0,0
2025-12-08,22:48:07,12,17,17,12,17,17,1809,566,100,0,0,0
2025-12-08,23:03:07,10,12,13,10,12,13,1548,468,63,2,2,0
2025-12-08,23:48:14,13,17,17,13,17,17,1839,572,87,0,0,0
2025-12-09,00:03:14,12,17,19,12,17,19,1818,562,74,6,2,2
2025-12-09,00:18:16,14,16,16,14,16,16,1980,616,73,0,0,0
2025-12-09,00:33:17,15,17,17,15,17,17,2016,615,66,0,0,0
2025-12-09,00:48:18,14,18,18,14,18,18,1995,631,80,0,0,0
2025-12-09,01:03:18,13,16,20,13,16,20,1917,572,66,10,4,0
2025-12-09,01:33:23,13,16,16,13,16,16,1779,541,83,4,0,0
2025-12-09,01:48:24,10,13,13,10,13,13,1524,472,74,0,0,0
2025-12-09,02:18:29,11,12,14,11,12,14,1506,469,52,2,2,2
2025-12-09,02:48:33,10,11,11,10,11,11,1416,429,31,0,0,0
2025-12-09,03:33:41,9,11,11,9,11,11,1320,400,55,0,0,0
2025-12-09,04:03:44,11,14,15,11,14,15,1533,481,67,2,2,2
2025-12-09,04:33:48,9,11,14,9,11,14,1296,400,63,4,4,2
2025-12-09,05:18:55,9,11,17,9,11,17,1311,405,63,10,6,2
2025-12-09,06:19:05,8,8,8,8,8,8,1185,354,22,0,0,0
2025-12-09,07:19:17,6,8,8,6,8,8,1041,317,40,0,0,0
2025-12-09,08:19:27,5,6,6,5,6,6,882,274,17,0,0,0
2025-12-09,09:19:38,4,5,5,4,5,5,702,215,30,0,0,0
2025-12-09,10:49:56,4,4,4,4,4,4,666,207,16,0,0,0
2025-12-09,12:05:10,8,9,12,8,9,12,1242,376,44,4,2,0
2025-12-09,13:05:21,6,10,10,6,10,10,1047,315,64,6,0,0
2025-12-09,14:05:32,7,8,9,7,8,9,1038,314,27,2,2,0
2025-12-09,15:35:49,4,4,4,4,4,4,648,199,6,0,0,0
2025-12-09,16:20:57,328,809,1400,217,539,932,59286,18954,8167,2410,1202,726
2025-12-09,16:35:58,429,723,897,285,481,597,64386,20537,6101,794,301,139
2025-12-09,16:50:58,533,950,1086,355,632,723,17960,26963,9121,958,266,129
2025-12-09,17:05:59,480,822,911,319,547,607,8114,23540,7264,723,165,48
2025-12-09,18:06:11,233,341,355,154,226,236,32526,10137,2259,153,23,13
2025-12-09,18:21:12,192,286,307,127,190,204,26538,8249,1782,148,31,14
2025-12-09,19:06:21,94,145,154,62,96,102,13230,4083,861,80,12,6
2025-12-09,20:06:34,39,56,58,30,44,53,5610,1730,315,12,2,2
2025-12-09,21:21:49,22,28,29,21,28,29,2901,899,155,2,2,0
2025-12-09,22:06:57,16,22,22,16,22,22,2217,688,94,6,0,0
2025-12-09,23:37:15,20,30,33,20,30,33,2931,899,157,13,2,2
2025-12-10,00:07:18,20,25,27,19,25,27,3039,947,134,2,2,0
2025-12-10,00:37:23,21,27,31,20,27,31,3117,952,141,6,6,2
2025-12-10,01:07:27,25,32,35,23,31,35,3390,1025,157,9,4,2
2025-12-10,01:52:35,221,290,299,147,193,199,31140,9580,1550,87,14,4
2025-12-10,02:37:43,306,456,500,203,303,333,43947,13736,3174,289,72,32
2025-12-10,02:52:43,252,375,414,167,249,275,36294,11303,2527,194,60,24
2025-12-10,03:07:44,208,309,335,138,205,223,29553,9161,1972,144,39,22
2025-12-10,04:07:55,100,142,150,66,94,99,13635,4221,769,54,10,4
2025-12-10,05:08:07,46,68,73,32,48,61,6519,2000,364,34,8,2
2025-12-10,05:23:09,44,63,67,32,47,58,6036,1871,322,28,4,4
2025-12-10,05:38:09,39,49,53,30,41,50,5253,1598,220,13,7,0
2025-12-10,06:08:13,28,42,47,24,37,46,4026,1236,228,21,4,4
2025-12-10,06:23:15,28,36,37,24,33,37,3930,1192,189,6,0,0
2025-12-10,06:38:15,26,36,38,23,33,38,3690,1120,195,10,2,0
2025-12-10,06:53:17,24,36,38,22,33,38,3279,1008,184,26,2,2
2025-12-10,07:23:21,26,37,38,23,34,38,3723,1151,182,12,2,0
2025-12-10,07:53:25,25,32,32,23,31,32,3420,1047,148,6,0,0
2025-12-10,08:23:29,22,31,32,21,30,32,3177,970,157,8,2,0
2025-12-10,08:38:30,23,31,31,22,30,31,3297,1006,161,4,0,0
2025-12-10,09:08:35,21,27,30,20,27,30,3057,962,123,4,4,4
2025-12-10,09:38:38,22,28,28,21,28,28,3036,916,132,4,0,0
2025-12-10,10:08:43,26,38,40,23,35,40,3654,1124,190,18,2,2
2025-12-10,10:23:44,27,35,41,24,33,41,3675,1137,161,12,6,2
2025-12-10,11:08:52,24,32,32,22,31,32,3264,994,154,4,0,0
2025-12-10,11:23:53,32,45,47,27,39,46,4431,1371,256,10,2,0
2025-12-10,12:09:00,37,50,52,29,41,49,5031,1547,264,8,4,0
2025-12-10,12:20:16,18,35,39,18,33,39,2814,867,199,41,4,4
2025-12-12,16:07:41,17,21,22,17,21,22,2424,752,90,2,2,0
2025-12-12,21:31:19,36,65,66,28,48,58,4815,1485,382,60,2,0
2025-12-12,21:32:22,28,47,52,24,39,49,4179,1298,276,26,8,2
2025-12-13,13:47:07,41,65,73,31,48,61,5589,1745,375,39,10,8
